@relation fifa_final
@attribute Age integer [17, 37]
@attribute Overall integer [71, 94]
@attribute Potential integer [73, 95]
@attribute Value {Menor_que_5700, Entre_5700_e_8500, Entre_8500_e_11500, Maior_que_11500}
@attribute Special integer [1043, 2346]
@attribute InternationalReputation real [1.0, 5.0]
@attribute WeakFoot real [1.0, 5.0]
@attribute SkillMoves real [1.0, 5.0]
@attribute ContractValidUntil real [2018.0, 2026.0]
@attribute Crossing real [9.0, 93.0]
@attribute Finishing real [5.0, 95.0]
@attribute HeadingAccuracy real [8.0, 93.0]
@attribute ShortPassing real [13.0, 93.0]
@attribute Volleys real [5.0, 90.0]
@attribute Dribbling real [8.0, 97.0]
@attribute Curve real [9.0, 94.0]
@attribute FKAccuracy real [7.0, 94.0]
@attribute LongPassing real [12.0, 93.0]
@attribute BallControl real [11.0, 96.0]
@attribute Acceleration real [29.0, 97.0]
@attribute SprintSpeed real [26.0, 96.0]
@attribute Agility real [21.0, 96.0]
@attribute Reactions real [51.0, 96.0]
@attribute Balance real [22.0, 96.0]
@attribute ShotPower real [12.0, 95.0]
@attribute Jumping real [30.0, 95.0]
@attribute Stamina real [20.0, 96.0]
@attribute Strength real [27.0, 95.0]
@attribute LongShots real [6.0, 94.0]
@attribute Aggression real [11.0, 94.0]
@attribute Interceptions real [7.0, 92.0]
@attribute Positioning real [4.0, 95.0]
@attribute Vision real [11.0, 94.0]
@attribute Penalties real [10.0, 92.0]
@attribute Composure real [25.0, 96.0]
@attribute Marking real [9.0, 94.0]
@attribute StandingTackle real [7.0, 92.0]
@attribute SlidingTackle real [8.0, 91.0]
@attribute GKDiving real [1.0, 90.0]
@attribute GKHandling real [1.0, 92.0]
@attribute GKKicking real [1.0, 91.0]
@attribute GKPositioning real [1.0, 88.0]
@attribute GKReflexes real [1.0, 94.0]
@inputs Age, Overall, Potential, Special, InternationalReputation, WeakFoot, SkillMoves, ContractValidUntil, Crossing, Finishing, HeadingAccuracy, ShortPassing, Volleys, Dribbling, Curve, FKAccuracy, LongPassing, BallControl, Acceleration, SprintSpeed, Agility, Reactions, Balance, ShotPower, Jumping, Stamina, Strength, LongShots, Aggression, Interceptions, Positioning, Vision, Penalties, Composure, Marking, StandingTackle, SlidingTackle, GKDiving, GKHandling, GKKicking, GKPositioning, GKReflexes
@outputs Value
@data
22, 73, 80, Menor_que_5700, 1214, 1.0, 2.0, 1.0, 2020.0, 20.0, 16.0, 21.0, 27.0, 20.0, 21.0, 22.0, 17.0, 23.0, 21.0, 58.0, 58.0, 57.0, 69.0, 57.0, 23.0, 68.0, 43.0, 52.0, 14.0, 22.0, 22.0, 12.0, 20.0, 23.0, 49.0, 23.0, 13.0, 15.0, 76.0, 72.0, 65.0, 69.0, 75.0
24, 72, 76, Menor_que_5700, 1861, 1.0, 4.0, 4.0, 2019.0, 67.0, 70.0, 56.0, 66.0, 73.0, 78.0, 71.0, 68.0, 60.0, 77.0, 77.0, 79.0, 79.0, 70.0, 70.0, 79.0, 67.0, 69.0, 66.0, 73.0, 56.0, 40.0, 65.0, 66.0, 74.0, 72.0, 29.0, 30.0, 34.0, 8.0, 14.0, 6.0, 14.0, 10.0
24, 72, 76, Menor_que_5700, 1858, 1.0, 4.0, 3.0, 2019.0, 59.0, 71.0, 64.0, 68.0, 59.0, 71.0, 64.0, 55.0, 66.0, 73.0, 72.0, 68.0, 68.0, 71.0, 75.0, 70.0, 69.0, 70.0, 64.0, 71.0, 59.0, 36.0, 72.0, 72.0, 68.0, 69.0, 46.0, 51.0, 45.0, 15.0, 13.0, 7.0, 14.0, 12.0
21, 71, 82, Menor_que_5700, 1624, 1.0, 5.0, 4.0, 2019.0, 68.0, 62.0, 36.0, 69.0, 36.0, 77.0, 61.0, 32.0, 61.0, 72.0, 89.0, 89.0, 91.0, 61.0, 83.0, 58.0, 51.0, 65.0, 54.0, 61.0, 41.0, 22.0, 62.0, 66.0, 52.0, 67.0, 25.0, 20.0, 17.0, 9.0, 8.0, 6.0, 13.0, 7.0
30, 74, 74, Menor_que_5700, 1964, 2.0, 4.0, 3.0, 2021.0, 73.0, 46.0, 62.0, 73.0, 60.0, 67.0, 65.0, 41.0, 72.0, 70.0, 67.0, 74.0, 66.0, 73.0, 65.0, 78.0, 71.0, 81.0, 74.0, 73.0, 77.0, 76.0, 63.0, 70.0, 51.0, 74.0, 72.0, 72.0, 72.0, 14.0, 13.0, 7.0, 15.0, 11.0
27, 73, 73, Menor_que_5700, 1761, 1.0, 3.0, 3.0, 2021.0, 71.0, 61.0, 38.0, 67.0, 62.0, 77.0, 67.0, 57.0, 59.0, 72.0, 91.0, 86.0, 93.0, 68.0, 91.0, 60.0, 88.0, 69.0, 40.0, 57.0, 39.0, 28.0, 67.0, 70.0, 54.0, 69.0, 21.0, 29.0, 24.0, 11.0, 10.0, 9.0, 10.0, 15.0
26, 73, 73, Menor_que_5700, 1886, 1.0, 4.0, 4.0, 2019.0, 66.0, 68.0, 56.0, 65.0, 69.0, 78.0, 69.0, 60.0, 60.0, 72.0, 85.0, 83.0, 82.0, 65.0, 75.0, 74.0, 44.0, 83.0, 68.0, 67.0, 77.0, 22.0, 71.0, 72.0, 62.0, 67.0, 60.0, 28.0, 49.0, 7.0, 12.0, 13.0, 14.0, 10.0
26, 73, 73, Menor_que_5700, 1912, 2.0, 3.0, 3.0, 2021.0, 68.0, 66.0, 68.0, 73.0, 61.0, 70.0, 75.0, 69.0, 67.0, 73.0, 83.0, 79.0, 70.0, 73.0, 72.0, 73.0, 68.0, 74.0, 68.0, 71.0, 58.0, 39.0, 71.0, 73.0, 55.0, 69.0, 58.0, 45.0, 37.0, 16.0, 6.0, 12.0, 15.0, 6.0
25, 73, 77, Menor_que_5700, 1565, 1.0, 3.0, 2.0, 2022.0, 49.0, 18.0, 73.0, 69.0, 26.0, 55.0, 27.0, 24.0, 58.0, 69.0, 64.0, 66.0, 60.0, 62.0, 37.0, 57.0, 60.0, 68.0, 78.0, 21.0, 75.0, 74.0, 26.0, 54.0, 43.0, 62.0, 69.0, 74.0, 70.0, 11.0, 7.0, 6.0, 6.0, 9.0
27, 73, 73, Menor_que_5700, 1785, 1.0, 3.0, 3.0, 2018.0, 49.0, 78.0, 78.0, 58.0, 80.0, 64.0, 60.0, 62.0, 50.0, 68.0, 59.0, 63.0, 71.0, 67.0, 56.0, 74.0, 79.0, 74.0, 79.0, 70.0, 54.0, 31.0, 81.0, 61.0, 65.0, 68.0, 54.0, 25.0, 23.0, 8.0, 8.0, 8.0, 13.0, 15.0
24, 72, 78, Menor_que_5700, 1906, 1.0, 4.0, 3.0, 2018.0, 75.0, 66.0, 62.0, 70.0, 60.0, 69.0, 70.0, 52.0, 65.0, 70.0, 72.0, 73.0, 62.0, 66.0, 64.0, 69.0, 61.0, 86.0, 76.0, 66.0, 72.0, 62.0, 67.0, 72.0, 55.0, 70.0, 57.0, 63.0, 58.0, 10.0, 6.0, 7.0, 13.0, 10.0
23, 72, 78, Menor_que_5700, 1721, 1.0, 3.0, 3.0, 2021.0, 48.0, 76.0, 62.0, 70.0, 54.0, 74.0, 47.0, 68.0, 62.0, 72.0, 74.0, 79.0, 80.0, 75.0, 66.0, 65.0, 69.0, 68.0, 52.0, 65.0, 42.0, 27.0, 76.0, 55.0, 48.0, 60.0, 16.0, 35.0, 43.0, 8.0, 11.0, 14.0, 7.0, 13.0
24, 72, 78, Menor_que_5700, 1781, 1.0, 3.0, 3.0, 2022.0, 68.0, 64.0, 43.0, 65.0, 54.0, 75.0, 74.0, 66.0, 59.0, 74.0, 79.0, 78.0, 82.0, 73.0, 80.0, 75.0, 41.0, 74.0, 51.0, 74.0, 45.0, 26.0, 70.0, 64.0, 67.0, 76.0, 27.0, 35.0, 29.0, 16.0, 12.0, 13.0, 13.0, 15.0
23, 72, 78, Menor_que_5700, 1766, 1.0, 3.0, 3.0, 2023.0, 66.0, 69.0, 58.0, 66.0, 68.0, 77.0, 69.0, 72.0, 54.0, 76.0, 85.0, 83.0, 78.0, 68.0, 76.0, 76.0, 65.0, 64.0, 70.0, 66.0, 30.0, 20.0, 67.0, 62.0, 70.0, 66.0, 21.0, 21.0, 21.0, 13.0, 11.0, 8.0, 9.0, 7.0
32, 76, 76, Menor_que_5700, 1409, 2.0, 3.0, 1.0, 2018.0, 12.0, 14.0, 12.0, 52.0, 14.0, 27.0, 14.0, 14.0, 61.0, 35.0, 59.0, 60.0, 69.0, 73.0, 63.0, 24.0, 84.0, 45.0, 68.0, 12.0, 40.0, 12.0, 13.0, 70.0, 24.0, 69.0, 21.0, 15.0, 20.0, 76.0, 71.0, 82.0, 77.0, 76.0
29, 74, 74, Menor_que_5700, 1869, 1.0, 3.0, 2.0, 2019.0, 70.0, 48.0, 64.0, 67.0, 47.0, 57.0, 74.0, 44.0, 64.0, 67.0, 57.0, 69.0, 65.0, 69.0, 51.0, 67.0, 78.0, 68.0, 76.0, 49.0, 79.0, 74.0, 59.0, 58.0, 61.0, 71.0, 69.0, 75.0, 78.0, 16.0, 9.0, 12.0, 13.0, 15.0
28, 74, 74, Menor_que_5700, 1975, 1.0, 2.0, 3.0, 2019.0, 76.0, 47.0, 64.0, 72.0, 50.0, 72.0, 74.0, 39.0, 65.0, 72.0, 79.0, 82.0, 82.0, 69.0, 72.0, 79.0, 74.0, 83.0, 66.0, 74.0, 78.0, 70.0, 66.0, 68.0, 40.0, 67.0, 68.0, 70.0, 70.0, 8.0, 7.0, 10.0, 16.0, 13.0
28, 74, 74, Menor_que_5700, 1883, 1.0, 2.0, 3.0, 2020.0, 73.0, 45.0, 63.0, 71.0, 52.0, 71.0, 64.0, 56.0, 55.0, 70.0, 79.0, 73.0, 81.0, 74.0, 76.0, 58.0, 79.0, 86.0, 58.0, 38.0, 67.0, 74.0, 57.0, 52.0, 44.0, 66.0, 70.0, 72.0, 73.0, 5.0, 11.0, 10.0, 14.0, 12.0
28, 74, 74, Menor_que_5700, 2078, 1.0, 2.0, 4.0, 2020.0, 79.0, 68.0, 64.0, 76.0, 65.0, 76.0, 78.0, 73.0, 72.0, 76.0, 75.0, 71.0, 74.0, 71.0, 64.0, 76.0, 68.0, 79.0, 68.0, 77.0, 71.0, 71.0, 71.0, 79.0, 67.0, 71.0, 68.0, 73.0, 69.0, 12.0, 13.0, 11.0, 14.0, 9.0
29, 74, 74, Menor_que_5700, 1767, 1.0, 3.0, 2.0, 2022.0, 50.0, 36.0, 72.0, 70.0, 49.0, 56.0, 63.0, 42.0, 73.0, 67.0, 44.0, 47.0, 54.0, 68.0, 46.0, 57.0, 80.0, 70.0, 84.0, 52.0, 68.0, 70.0, 60.0, 61.0, 45.0, 77.0, 76.0, 74.0, 71.0, 15.0, 13.0, 15.0, 8.0, 11.0
26, 73, 73, Menor_que_5700, 1796, 1.0, 4.0, 3.0, 2019.0, 55.0, 72.0, 71.0, 69.0, 70.0, 71.0, 65.0, 47.0, 55.0, 72.0, 64.0, 75.0, 68.0, 66.0, 67.0, 77.0, 64.0, 67.0, 77.0, 68.0, 75.0, 36.0, 72.0, 62.0, 76.0, 71.0, 27.0, 40.0, 29.0, 8.0, 7.0, 7.0, 7.0, 10.0
24, 73, 77, Menor_que_5700, 1814, 1.0, 3.0, 2.0, 2021.0, 45.0, 52.0, 68.0, 73.0, 42.0, 62.0, 46.0, 62.0, 63.0, 68.0, 65.0, 60.0, 51.0, 69.0, 47.0, 74.0, 68.0, 65.0, 81.0, 65.0, 70.0, 71.0, 52.0, 59.0, 72.0, 63.0, 74.0, 73.0, 68.0, 9.0, 10.0, 9.0, 13.0, 8.0
21, 72, 79, Menor_que_5700, 1779, 1.0, 3.0, 3.0, 2021.0, 51.0, 55.0, 59.0, 73.0, 43.0, 72.0, 53.0, 67.0, 71.0, 71.0, 81.0, 76.0, 80.0, 66.0, 71.0, 72.0, 58.0, 69.0, 37.0, 71.0, 66.0, 46.0, 65.0, 74.0, 64.0, 60.0, 39.0, 42.0, 47.0, 9.0, 6.0, 9.0, 7.0, 9.0
34, 80, 80, Menor_que_5700, 1820, 3.0, 4.0, 2.0, 2019.0, 58.0, 47.0, 80.0, 74.0, 44.0, 57.0, 51.0, 55.0, 76.0, 74.0, 38.0, 41.0, 52.0, 76.0, 64.0, 64.0, 65.0, 62.0, 81.0, 53.0, 74.0, 79.0, 41.0, 62.0, 57.0, 78.0, 82.0, 82.0, 80.0, 14.0, 8.0, 10.0, 6.0, 13.0
31, 75, 75, Menor_que_5700, 1763, 1.0, 3.0, 2.0, 2019.0, 53.0, 35.0, 50.0, 74.0, 27.0, 48.0, 47.0, 56.0, 72.0, 68.0, 55.0, 52.0, 57.0, 75.0, 68.0, 54.0, 60.0, 74.0, 72.0, 58.0, 84.0, 80.0, 57.0, 67.0, 47.0, 72.0, 70.0, 77.0, 71.0, 14.0, 12.0, 9.0, 11.0, 9.0
31, 75, 75, Menor_que_5700, 1893, 2.0, 3.0, 2.0, 2020.0, 68.0, 38.0, 70.0, 69.0, 25.0, 59.0, 67.0, 52.0, 81.0, 69.0, 61.0, 67.0, 65.0, 72.0, 69.0, 80.0, 80.0, 65.0, 72.0, 73.0, 74.0, 79.0, 51.0, 59.0, 35.0, 70.0, 70.0, 80.0, 78.0, 15.0, 14.0, 15.0, 6.0, 15.0
31, 75, 75, Menor_que_5700, 1516, 2.0, 3.0, 2.0, 2020.0, 30.0, 40.0, 81.0, 59.0, 29.0, 38.0, 30.0, 29.0, 58.0, 60.0, 38.0, 33.0, 42.0, 77.0, 51.0, 52.0, 66.0, 56.0, 77.0, 32.0, 72.0, 77.0, 36.0, 48.0, 30.0, 70.0, 77.0, 76.0, 75.0, 6.0, 10.0, 15.0, 7.0, 9.0
31, 75, 75, Menor_que_5700, 1809, 2.0, 3.0, 2.0, 2021.0, 66.0, 25.0, 78.0, 66.0, 27.0, 50.0, 76.0, 79.0, 66.0, 63.0, 61.0, 54.0, 45.0, 73.0, 39.0, 85.0, 52.0, 66.0, 84.0, 69.0, 70.0, 73.0, 38.0, 51.0, 69.0, 75.0, 75.0, 77.0, 74.0, 15.0, 12.0, 8.0, 12.0, 11.0
24, 73, 78, Menor_que_5700, 1928, 1.0, 3.0, 3.0, 2019.0, 77.0, 52.0, 60.0, 73.0, 47.0, 75.0, 73.0, 39.0, 66.0, 73.0, 79.0, 75.0, 72.0, 70.0, 81.0, 67.0, 67.0, 66.0, 67.0, 62.0, 66.0, 72.0, 64.0, 63.0, 49.0, 69.0, 70.0, 74.0, 73.0, 14.0, 11.0, 11.0, 10.0, 10.0
22, 72, 80, Menor_que_5700, 2032, 1.0, 5.0, 3.0, 2019.0, 68.0, 60.0, 66.0, 71.0, 55.0, 71.0, 77.0, 73.0, 67.0, 72.0, 80.0, 79.0, 74.0, 73.0, 74.0, 79.0, 78.0, 91.0, 68.0, 73.0, 78.0, 66.0, 66.0, 69.0, 66.0, 72.0, 65.0, 67.0, 60.0, 12.0, 7.0, 12.0, 8.0, 7.0
28, 74, 74, Menor_que_5700, 1542, 1.0, 3.0, 2.0, 2018.0, 55.0, 22.0, 68.0, 60.0, 31.0, 49.0, 30.0, 32.0, 59.0, 60.0, 60.0, 62.0, 46.0, 74.0, 42.0, 27.0, 49.0, 73.0, 83.0, 26.0, 69.0, 85.0, 40.0, 37.0, 30.0, 62.0, 72.0, 74.0, 74.0, 14.0, 13.0, 6.0, 9.0, 11.0
27, 74, 74, Menor_que_5700, 1921, 2.0, 5.0, 3.0, 2020.0, 73.0, 41.0, 60.0, 72.0, 39.0, 69.0, 74.0, 64.0, 69.0, 72.0, 76.0, 74.0, 78.0, 70.0, 76.0, 62.0, 76.0, 78.0, 65.0, 52.0, 71.0, 70.0, 58.0, 62.0, 49.0, 68.0, 71.0, 72.0, 78.0, 7.0, 15.0, 7.0, 8.0, 13.0
27, 74, 77, Menor_que_5700, 1102, 1.0, 3.0, 1.0, 2019.0, 11.0, 12.0, 13.0, 24.0, 13.0, 11.0, 17.0, 17.0, 15.0, 20.0, 41.0, 43.0, 45.0, 70.0, 41.0, 21.0, 63.0, 32.0, 52.0, 16.0, 30.0, 12.0, 12.0, 54.0, 19.0, 63.0, 12.0, 9.0, 19.0, 78.0, 69.0, 64.0, 69.0, 78.0
27, 74, 74, Menor_que_5700, 1570, 1.0, 3.0, 2.0, 2022.0, 42.0, 48.0, 83.0, 57.0, 39.0, 32.0, 34.0, 26.0, 48.0, 55.0, 45.0, 55.0, 32.0, 74.0, 33.0, 75.0, 43.0, 60.0, 85.0, 31.0, 73.0, 69.0, 47.0, 42.0, 73.0, 70.0, 74.0, 78.0, 71.0, 12.0, 6.0, 12.0, 9.0, 7.0
26, 73, 74, Menor_que_5700, 1777, 1.0, 3.0, 4.0, 2022.0, 70.0, 69.0, 40.0, 67.0, 44.0, 76.0, 75.0, 73.0, 59.0, 75.0, 80.0, 77.0, 86.0, 68.0, 81.0, 70.0, 55.0, 70.0, 52.0, 70.0, 38.0, 33.0, 73.0, 67.0, 68.0, 67.0, 33.0, 35.0, 21.0, 9.0, 12.0, 15.0, 8.0, 8.0
19, 72, 84, Menor_que_5700, 1906, 1.0, 3.0, 3.0, 2023.0, 75.0, 52.0, 65.0, 69.0, 44.0, 73.0, 75.0, 44.0, 58.0, 74.0, 73.0, 73.0, 69.0, 76.0, 63.0, 76.0, 78.0, 79.0, 71.0, 59.0, 80.0, 68.0, 68.0, 54.0, 43.0, 73.0, 72.0, 68.0, 67.0, 10.0, 6.0, 10.0, 6.0, 8.0
33, 76, 76, Menor_que_5700, 1911, 3.0, 4.0, 3.0, 2019.0, 66.0, 77.0, 76.0, 78.0, 81.0, 74.0, 70.0, 68.0, 58.0, 76.0, 56.0, 60.0, 65.0, 74.0, 64.0, 79.0, 76.0, 55.0, 70.0, 71.0, 73.0, 41.0, 77.0, 75.0, 79.0, 76.0, 38.0, 41.0, 38.0, 13.0, 13.0, 14.0, 9.0, 6.0
26, 74, 74, Menor_que_5700, 1886, 1.0, 3.0, 4.0, 2021.0, 74.0, 56.0, 62.0, 67.0, 45.0, 77.0, 66.0, 56.0, 67.0, 76.0, 82.0, 83.0, 71.0, 65.0, 67.0, 62.0, 60.0, 81.0, 72.0, 61.0, 45.0, 66.0, 51.0, 51.0, 55.0, 76.0, 67.0, 75.0, 74.0, 13.0, 8.0, 9.0, 10.0, 12.0
25, 73, 74, Menor_que_5700, 1859, 1.0, 3.0, 3.0, 2021.0, 67.0, 73.0, 58.0, 69.0, 68.0, 75.0, 71.0, 59.0, 55.0, 72.0, 85.0, 84.0, 83.0, 70.0, 82.0, 73.0, 79.0, 78.0, 55.0, 72.0, 58.0, 35.0, 69.0, 64.0, 68.0, 63.0, 32.0, 28.0, 21.0, 11.0, 15.0, 10.0, 9.0, 11.0
22, 73, 80, Menor_que_5700, 1836, 1.0, 3.0, 3.0, 2021.0, 48.0, 48.0, 66.0, 71.0, 62.0, 65.0, 47.0, 49.0, 74.0, 70.0, 58.0, 64.0, 59.0, 71.0, 57.0, 77.0, 62.0, 82.0, 75.0, 62.0, 82.0, 70.0, 54.0, 60.0, 39.0, 64.0, 70.0, 74.0, 71.0, 10.0, 8.0, 8.0, 10.0, 13.0
30, 76, 76, Menor_que_5700, 1193, 1.0, 3.0, 1.0, 2020.0, 10.0, 8.0, 25.0, 39.0, 9.0, 15.0, 14.0, 17.0, 35.0, 17.0, 32.0, 48.0, 30.0, 70.0, 28.0, 21.0, 67.0, 37.0, 82.0, 19.0, 40.0, 30.0, 6.0, 48.0, 23.0, 53.0, 20.0, 15.0, 16.0, 76.0, 74.0, 69.0, 75.0, 78.0
20, 73, 80, Menor_que_5700, 1599, 1.0, 3.0, 2.0, 2022.0, 39.0, 31.0, 73.0, 46.0, 34.0, 46.0, 33.0, 32.0, 48.0, 53.0, 66.0, 69.0, 55.0, 74.0, 67.0, 52.0, 85.0, 71.0, 81.0, 27.0, 61.0, 71.0, 28.0, 43.0, 43.0, 72.0, 73.0, 77.0, 74.0, 7.0, 14.0, 6.0, 7.0, 13.0
26, 73, 75, Menor_que_5700, 1760, 1.0, 4.0, 3.0, 2022.0, 67.0, 72.0, 77.0, 70.0, 66.0, 65.0, 68.0, 70.0, 42.0, 68.0, 67.0, 70.0, 62.0, 69.0, 58.0, 76.0, 67.0, 73.0, 73.0, 72.0, 58.0, 18.0, 74.0, 69.0, 74.0, 68.0, 33.0, 18.0, 13.0, 10.0, 6.0, 14.0, 7.0, 14.0
24, 85, 89, Menor_que_5700, 2102, 3.0, 3.0, 4.0, 2020.0, 83.0, 82.0, 49.0, 83.0, 77.0, 90.0, 81.0, 79.0, 75.0, 89.0, 79.0, 79.0, 90.0, 80.0, 91.0, 84.0, 69.0, 80.0, 82.0, 82.0, 73.0, 28.0, 81.0, 81.0, 81.0, 89.0, 31.0, 37.0, 25.0, 15.0, 9.0, 8.0, 14.0, 15.0
30, 76, 76, Menor_que_5700, 1691, 2.0, 2.0, 2.0, 2020.0, 33.0, 31.0, 79.0, 61.0, 35.0, 41.0, 46.0, 37.0, 62.0, 55.0, 62.0, 61.0, 70.0, 60.0, 54.0, 65.0, 83.0, 63.0, 79.0, 37.0, 77.0, 74.0, 41.0, 41.0, 53.0, 67.0, 76.0, 77.0, 86.0, 14.0, 10.0, 12.0, 8.0, 8.0
30, 76, 76, Menor_que_5700, 1682, 1.0, 3.0, 2.0, 2021.0, 54.0, 44.0, 77.0, 73.0, 35.0, 51.0, 52.0, 50.0, 43.0, 63.0, 41.0, 51.0, 32.0, 65.0, 38.0, 46.0, 58.0, 57.0, 91.0, 45.0, 82.0, 66.0, 67.0, 42.0, 63.0, 71.0, 82.0, 74.0, 75.0, 11.0, 15.0, 14.0, 13.0, 12.0
30, 76, 76, Menor_que_5700, 2105, 1.0, 3.0, 3.0, 2021.0, 75.0, 60.0, 60.0, 75.0, 59.0, 76.0, 84.0, 77.0, 72.0, 73.0, 88.0, 82.0, 87.0, 82.0, 83.0, 70.0, 64.0, 84.0, 67.0, 61.0, 70.0, 62.0, 72.0, 73.0, 67.0, 80.0, 76.0, 74.0, 77.0, 13.0, 13.0, 9.0, 8.0, 12.0
27, 75, 78, Menor_que_5700, 1213, 1.0, 2.0, 1.0, 2021.0, 20.0, 15.0, 16.0, 28.0, 13.0, 12.0, 20.0, 15.0, 33.0, 32.0, 45.0, 47.0, 50.0, 74.0, 40.0, 26.0, 67.0, 32.0, 64.0, 14.0, 39.0, 17.0, 13.0, 47.0, 36.0, 60.0, 11.0, 12.0, 14.0, 79.0, 72.0, 63.0, 71.0, 76.0
27, 75, 78, Menor_que_5700, 1148, 1.0, 2.0, 1.0, 2022.0, 15.0, 14.0, 13.0, 31.0, 18.0, 16.0, 14.0, 15.0, 17.0, 20.0, 45.0, 44.0, 34.0, 70.0, 43.0, 17.0, 54.0, 45.0, 59.0, 13.0, 24.0, 25.0, 19.0, 48.0, 19.0, 43.0, 17.0, 20.0, 14.0, 77.0, 71.0, 67.0, 72.0, 78.0
28, 74, 74, Menor_que_5700, 2034, 1.0, 3.0, 3.0, 2019.0, 77.0, 64.0, 60.0, 77.0, 67.0, 72.0, 73.0, 75.0, 78.0, 72.0, 66.0, 68.0, 68.0, 77.0, 62.0, 79.0, 69.0, 75.0, 70.0, 78.0, 75.0, 50.0, 67.0, 76.0, 79.0, 69.0, 64.0, 71.0, 60.0, 11.0, 16.0, 8.0, 16.0, 14.0
30, 74, 74, Menor_que_5700, 1755, 1.0, 4.0, 3.0, 2019.0, 60.0, 81.0, 83.0, 68.0, 64.0, 63.0, 62.0, 31.0, 43.0, 69.0, 72.0, 65.0, 72.0, 78.0, 63.0, 59.0, 75.0, 65.0, 77.0, 70.0, 71.0, 39.0, 78.0, 72.0, 53.0, 65.0, 20.0, 23.0, 22.0, 13.0, 16.0, 6.0, 12.0, 10.0
30, 74, 74, Menor_que_5700, 1910, 2.0, 4.0, 3.0, 2019.0, 73.0, 67.0, 53.0, 71.0, 62.0, 75.0, 73.0, 72.0, 66.0, 75.0, 77.0, 77.0, 79.0, 73.0, 85.0, 72.0, 53.0, 79.0, 52.0, 63.0, 62.0, 42.0, 69.0, 71.0, 69.0, 70.0, 57.0, 44.0, 41.0, 7.0, 10.0, 16.0, 11.0, 14.0
29, 74, 74, Menor_que_5700, 1717, 2.0, 4.0, 3.0, 2020.0, 43.0, 79.0, 75.0, 65.0, 74.0, 69.0, 69.0, 55.0, 36.0, 74.0, 52.0, 55.0, 61.0, 73.0, 53.0, 75.0, 72.0, 67.0, 76.0, 69.0, 56.0, 20.0, 78.0, 62.0, 70.0, 77.0, 29.0, 23.0, 22.0, 10.0, 15.0, 16.0, 12.0, 12.0
30, 74, 74, Menor_que_5700, 2003, 1.0, 2.0, 3.0, 2020.0, 66.0, 66.0, 55.0, 74.0, 62.0, 74.0, 71.0, 55.0, 72.0, 75.0, 68.0, 66.0, 77.0, 71.0, 72.0, 84.0, 67.0, 75.0, 77.0, 76.0, 76.0, 69.0, 70.0, 76.0, 63.0, 69.0, 63.0, 66.0, 61.0, 8.0, 16.0, 13.0, 6.0, 13.0
30, 74, 74, Menor_que_5700, 1958, 2.0, 3.0, 3.0, 2020.0, 64.0, 70.0, 77.0, 66.0, 66.0, 65.0, 57.0, 36.0, 44.0, 65.0, 87.0, 89.0, 77.0, 71.0, 60.0, 75.0, 86.0, 90.0, 82.0, 65.0, 81.0, 67.0, 75.0, 67.0, 75.0, 67.0, 62.0, 69.0, 65.0, 1.0, 1.0, 1.0, 1.0, 1.0
26, 74, 75, Menor_que_5700, 1637, 1.0, 3.0, 2.0, 2021.0, 45.0, 26.0, 73.0, 65.0, 33.0, 53.0, 31.0, 26.0, 63.0, 61.0, 49.0, 52.0, 57.0, 70.0, 66.0, 52.0, 82.0, 72.0, 79.0, 38.0, 76.0, 75.0, 39.0, 47.0, 34.0, 64.0, 71.0, 72.0, 74.0, 10.0, 12.0, 10.0, 9.0, 15.0
28, 74, 74, Menor_que_5700, 2031, 1.0, 4.0, 3.0, 2021.0, 72.0, 65.0, 59.0, 78.0, 70.0, 71.0, 71.0, 66.0, 75.0, 75.0, 67.0, 73.0, 81.0, 74.0, 69.0, 74.0, 71.0, 72.0, 73.0, 67.0, 66.0, 67.0, 66.0, 76.0, 61.0, 73.0, 69.0, 70.0, 67.0, 13.0, 16.0, 11.0, 15.0, 11.0
25, 74, 76, Menor_que_5700, 1641, 1.0, 3.0, 2.0, 2019.0, 46.0, 26.0, 70.0, 71.0, 26.0, 62.0, 28.0, 32.0, 70.0, 71.0, 73.0, 69.0, 62.0, 69.0, 66.0, 38.0, 72.0, 62.0, 73.0, 22.0, 73.0, 73.0, 35.0, 42.0, 41.0, 70.0, 72.0, 76.0, 75.0, 15.0, 7.0, 7.0, 8.0, 9.0
21, 73, 78, Menor_que_5700, 1933, 1.0, 4.0, 3.0, 2020.0, 60.0, 59.0, 59.0, 72.0, 57.0, 72.0, 72.0, 65.0, 69.0, 73.0, 74.0, 67.0, 75.0, 71.0, 75.0, 70.0, 71.0, 92.0, 64.0, 71.0, 63.0, 67.0, 70.0, 70.0, 42.0, 67.0, 59.0, 65.0, 62.0, 6.0, 6.0, 7.0, 15.0, 13.0
21, 73, 82, Menor_que_5700, 1650, 1.0, 3.0, 2.0, 2020.0, 34.0, 58.0, 40.0, 75.0, 34.0, 46.0, 32.0, 32.0, 71.0, 71.0, 69.0, 60.0, 50.0, 73.0, 60.0, 50.0, 59.0, 72.0, 58.0, 36.0, 69.0, 72.0, 47.0, 72.0, 35.0, 65.0, 70.0, 73.0, 72.0, 13.0, 9.0, 14.0, 11.0, 13.0
22, 73, 79, Menor_que_5700, 1938, 1.0, 4.0, 3.0, 2020.0, 72.0, 67.0, 55.0, 75.0, 64.0, 72.0, 73.0, 74.0, 72.0, 75.0, 61.0, 60.0, 75.0, 73.0, 77.0, 67.0, 55.0, 68.0, 69.0, 59.0, 62.0, 69.0, 71.0, 74.0, 58.0, 68.0, 64.0, 62.0, 57.0, 8.0, 13.0, 15.0, 16.0, 6.0
23, 73, 80, Menor_que_5700, 1893, 1.0, 4.0, 3.0, 2021.0, 64.0, 75.0, 55.0, 68.0, 66.0, 79.0, 67.0, 53.0, 64.0, 76.0, 88.0, 83.0, 86.0, 75.0, 78.0, 71.0, 75.0, 72.0, 56.0, 70.0, 61.0, 49.0, 72.0, 65.0, 59.0, 62.0, 35.0, 39.0, 34.0, 9.0, 12.0, 8.0, 15.0, 14.0
24, 73, 78, Menor_que_5700, 1850, 1.0, 4.0, 3.0, 2022.0, 65.0, 69.0, 68.0, 70.0, 69.0, 72.0, 69.0, 63.0, 65.0, 75.0, 68.0, 69.0, 67.0, 73.0, 64.0, 77.0, 70.0, 72.0, 74.0, 66.0, 63.0, 33.0, 77.0, 69.0, 72.0, 74.0, 32.0, 28.0, 31.0, 15.0, 12.0, 8.0, 10.0, 15.0
22, 73, 80, Menor_que_5700, 1883, 1.0, 3.0, 3.0, 2019.0, 71.0, 65.0, 61.0, 75.0, 62.0, 77.0, 64.0, 58.0, 70.0, 76.0, 75.0, 70.0, 69.0, 65.0, 68.0, 66.0, 65.0, 74.0, 70.0, 63.0, 77.0, 53.0, 67.0, 71.0, 57.0, 71.0, 20.0, 60.0, 62.0, 13.0, 8.0, 11.0, 11.0, 9.0
32, 77, 77, Entre_5700_e_8500, 2087, 2.0, 4.0, 4.0, 2019.0, 75.0, 70.0, 66.0, 78.0, 75.0, 77.0, 79.0, 70.0, 74.0, 78.0, 59.0, 65.0, 68.0, 79.0, 68.0, 86.0, 59.0, 77.0, 67.0, 80.0, 78.0, 69.0, 77.0, 77.0, 68.0, 79.0, 78.0, 70.0, 69.0, 13.0, 7.0, 11.0, 6.0, 14.0
32, 77, 77, Entre_5700_e_8500, 2028, 1.0, 3.0, 3.0, 2020.0, 67.0, 61.0, 58.0, 78.0, 39.0, 72.0, 65.0, 72.0, 76.0, 79.0, 69.0, 69.0, 72.0, 80.0, 74.0, 69.0, 60.0, 74.0, 78.0, 65.0, 92.0, 72.0, 69.0, 80.0, 59.0, 74.0, 70.0, 75.0, 72.0, 10.0, 7.0, 16.0, 15.0, 14.0
30, 77, 77, Entre_5700_e_8500, 1651, 2.0, 4.0, 2.0, 2020.0, 49.0, 25.0, 77.0, 69.0, 36.0, 42.0, 28.0, 31.0, 62.0, 69.0, 57.0, 68.0, 60.0, 64.0, 61.0, 28.0, 73.0, 65.0, 78.0, 41.0, 82.0, 78.0, 39.0, 40.0, 43.0, 73.0, 77.0, 79.0, 77.0, 6.0, 8.0, 12.0, 16.0, 11.0
27, 76, 76, Entre_5700_e_8500, 1977, 2.0, 3.0, 3.0, 2022.0, 76.0, 46.0, 65.0, 76.0, 57.0, 75.0, 74.0, 43.0, 69.0, 75.0, 67.0, 74.0, 66.0, 73.0, 57.0, 74.0, 74.0, 74.0, 72.0, 68.0, 72.0, 76.0, 63.0, 64.0, 57.0, 74.0, 75.0, 77.0, 76.0, 15.0, 10.0, 15.0, 14.0, 8.0
28, 75, 75, Entre_5700_e_8500, 2063, 1.0, 4.0, 4.0, 2020.0, 74.0, 63.0, 65.0, 74.0, 52.0, 78.0, 70.0, 67.0, 69.0, 76.0, 84.0, 84.0, 83.0, 73.0, 79.0, 70.0, 69.0, 85.0, 60.0, 67.0, 75.0, 66.0, 73.0, 74.0, 66.0, 71.0, 69.0, 68.0, 65.0, 12.0, 15.0, 14.0, 13.0, 11.0
28, 75, 75, Entre_5700_e_8500, 1833, 1.0, 4.0, 4.0, 2021.0, 72.0, 70.0, 60.0, 73.0, 67.0, 76.0, 75.0, 76.0, 70.0, 77.0, 87.0, 75.0, 82.0, 71.0, 78.0, 70.0, 55.0, 68.0, 62.0, 71.0, 51.0, 25.0, 67.0, 72.0, 70.0, 74.0, 24.0, 23.0, 20.0, 9.0, 12.0, 9.0, 9.0, 7.0
29, 75, 75, Entre_5700_e_8500, 2037, 1.0, 3.0, 3.0, 2021.0, 72.0, 70.0, 65.0, 76.0, 71.0, 73.0, 71.0, 63.0, 76.0, 75.0, 66.0, 72.0, 69.0, 75.0, 66.0, 81.0, 70.0, 75.0, 77.0, 75.0, 72.0, 73.0, 68.0, 74.0, 59.0, 70.0, 72.0, 73.0, 72.0, 8.0, 8.0, 6.0, 7.0, 7.0
25, 75, 80, Entre_5700_e_8500, 1091, 1.0, 2.0, 1.0, 2022.0, 14.0, 9.0, 12.0, 25.0, 7.0, 13.0, 16.0, 7.0, 30.0, 12.0, 48.0, 45.0, 34.0, 74.0, 40.0, 21.0, 63.0, 32.0, 67.0, 13.0, 17.0, 12.0, 14.0, 48.0, 17.0, 31.0, 15.0, 11.0, 13.0, 74.0, 71.0, 66.0, 74.0, 77.0
29, 75, 75, Entre_5700_e_8500, 1854, 1.0, 3.0, 3.0, 2023.0, 64.0, 75.0, 71.0, 71.0, 71.0, 74.0, 71.0, 45.0, 63.0, 75.0, 74.0, 73.0, 78.0, 71.0, 70.0, 78.0, 62.0, 71.0, 74.0, 67.0, 42.0, 26.0, 75.0, 71.0, 76.0, 59.0, 25.0, 48.0, 37.0, 8.0, 12.0, 11.0, 16.0, 9.0
23, 74, 80, Entre_5700_e_8500, 1676, 1.0, 3.0, 2.0, 2020.0, 73.0, 45.0, 69.0, 69.0, 24.0, 52.0, 32.0, 40.0, 56.0, 69.0, 70.0, 69.0, 55.0, 75.0, 67.0, 40.0, 48.0, 75.0, 65.0, 34.0, 81.0, 76.0, 43.0, 42.0, 38.0, 65.0, 71.0, 74.0, 76.0, 13.0, 13.0, 8.0, 6.0, 8.0
24, 74, 80, Entre_5700_e_8500, 1595, 1.0, 3.0, 2.0, 2021.0, 24.0, 51.0, 65.0, 67.0, 28.0, 53.0, 25.0, 26.0, 71.0, 71.0, 63.0, 46.0, 33.0, 68.0, 50.0, 57.0, 81.0, 69.0, 77.0, 41.0, 69.0, 75.0, 29.0, 35.0, 37.0, 65.0, 76.0, 78.0, 75.0, 7.0, 14.0, 10.0, 11.0, 13.0
27, 74, 75, Entre_5700_e_8500, 1854, 2.0, 2.0, 3.0, 2021.0, 61.0, 73.0, 70.0, 67.0, 66.0, 75.0, 64.0, 58.0, 60.0, 72.0, 78.0, 83.0, 76.0, 70.0, 64.0, 72.0, 73.0, 74.0, 77.0, 70.0, 60.0, 37.0, 77.0, 63.0, 70.0, 70.0, 30.0, 35.0, 22.0, 15.0, 10.0, 9.0, 14.0, 9.0
27, 74, 75, Entre_5700_e_8500, 1816, 1.0, 3.0, 4.0, 2021.0, 71.0, 66.0, 40.0, 70.0, 62.0, 79.0, 79.0, 68.0, 71.0, 79.0, 78.0, 67.0, 79.0, 67.0, 86.0, 67.0, 70.0, 72.0, 55.0, 71.0, 52.0, 19.0, 68.0, 77.0, 75.0, 69.0, 22.0, 30.0, 14.0, 9.0, 9.0, 14.0, 15.0, 15.0
23, 74, 80, Entre_5700_e_8500, 1711, 1.0, 3.0, 2.0, 2022.0, 41.0, 31.0, 75.0, 65.0, 30.0, 56.0, 36.0, 39.0, 67.0, 61.0, 65.0, 68.0, 64.0, 69.0, 59.0, 52.0, 90.0, 61.0, 80.0, 38.0, 76.0, 75.0, 33.0, 54.0, 52.0, 65.0, 70.0, 74.0, 73.0, 14.0, 14.0, 11.0, 7.0, 11.0
26, 74, 75, Entre_5700_e_8500, 1558, 1.0, 3.0, 2.0, 2022.0, 33.0, 78.0, 84.0, 58.0, 60.0, 60.0, 43.0, 32.0, 33.0, 74.0, 59.0, 57.0, 44.0, 70.0, 33.0, 75.0, 54.0, 65.0, 89.0, 58.0, 48.0, 19.0, 77.0, 58.0, 68.0, 55.0, 30.0, 25.0, 29.0, 7.0, 10.0, 10.0, 10.0, 8.0
21, 74, 81, Entre_5700_e_8500, 1855, 1.0, 2.0, 3.0, 2022.0, 69.0, 41.0, 64.0, 69.0, 40.0, 74.0, 59.0, 39.0, 63.0, 74.0, 78.0, 74.0, 67.0, 72.0, 77.0, 62.0, 67.0, 75.0, 66.0, 53.0, 74.0, 74.0, 59.0, 59.0, 39.0, 68.0, 68.0, 75.0, 74.0, 8.0, 13.0, 10.0, 10.0, 9.0
30, 78, 78, Entre_5700_e_8500, 1991, 1.0, 3.0, 4.0, 2021.0, 78.0, 45.0, 60.0, 76.0, 55.0, 76.0, 54.0, 49.0, 59.0, 74.0, 88.0, 86.0, 86.0, 80.0, 90.0, 78.0, 59.0, 76.0, 33.0, 68.0, 73.0, 75.0, 69.0, 68.0, 49.0, 76.0, 75.0, 77.0, 76.0, 13.0, 13.0, 16.0, 8.0, 9.0
26, 76, 77, Entre_5700_e_8500, 1643, 1.0, 2.0, 2.0, 2020.0, 43.0, 34.0, 81.0, 66.0, 37.0, 49.0, 33.0, 40.0, 66.0, 54.0, 53.0, 61.0, 49.0, 76.0, 40.0, 65.0, 64.0, 62.0, 85.0, 30.0, 68.0, 81.0, 33.0, 47.0, 43.0, 75.0, 73.0, 81.0, 71.0, 7.0, 16.0, 8.0, 13.0, 14.0
26, 75, 80, Entre_5700_e_8500, 1986, 2.0, 4.0, 2.0, 2021.0, 65.0, 60.0, 79.0, 73.0, 53.0, 64.0, 65.0, 66.0, 74.0, 69.0, 60.0, 50.0, 64.0, 75.0, 61.0, 76.0, 88.0, 69.0, 77.0, 65.0, 72.0, 76.0, 66.0, 68.0, 78.0, 70.0, 73.0, 74.0, 73.0, 8.0, 9.0, 11.0, 10.0, 15.0
27, 75, 76, Entre_5700_e_8500, 1934, 1.0, 4.0, 3.0, 2022.0, 70.0, 60.0, 59.0, 75.0, 50.0, 77.0, 75.0, 40.0, 74.0, 75.0, 77.0, 79.0, 87.0, 74.0, 83.0, 75.0, 72.0, 79.0, 61.0, 70.0, 78.0, 46.0, 72.0, 71.0, 50.0, 70.0, 58.0, 49.0, 49.0, 12.0, 12.0, 7.0, 10.0, 8.0
24, 75, 79, Entre_5700_e_8500, 1907, 2.0, 3.0, 3.0, 2019.0, 52.0, 50.0, 58.0, 76.0, 36.0, 66.0, 59.0, 35.0, 78.0, 70.0, 69.0, 54.0, 76.0, 70.0, 83.0, 71.0, 72.0, 74.0, 65.0, 68.0, 76.0, 76.0, 60.0, 70.0, 59.0, 70.0, 72.0, 76.0, 72.0, 9.0, 14.0, 12.0, 14.0, 15.0
21, 74, 83, Entre_5700_e_8500, 1593, 1.0, 3.0, 2.0, 2020.0, 37.0, 22.0, 65.0, 64.0, 32.0, 62.0, 31.0, 35.0, 58.0, 66.0, 72.0, 69.0, 43.0, 75.0, 46.0, 44.0, 68.0, 55.0, 68.0, 26.0, 68.0, 76.0, 28.0, 52.0, 44.0, 58.0, 78.0, 78.0, 77.0, 14.0, 8.0, 13.0, 10.0, 9.0
22, 74, 80, Entre_5700_e_8500, 1909, 1.0, 3.0, 3.0, 2021.0, 70.0, 65.0, 54.0, 67.0, 63.0, 80.0, 78.0, 73.0, 67.0, 75.0, 79.0, 86.0, 73.0, 71.0, 68.0, 73.0, 66.0, 72.0, 73.0, 63.0, 57.0, 54.0, 72.0, 66.0, 58.0, 69.0, 33.0, 48.0, 42.0, 10.0, 16.0, 13.0, 15.0, 9.0
24, 74, 78, Entre_5700_e_8500, 1976, 1.0, 4.0, 3.0, 2021.0, 67.0, 72.0, 61.0, 72.0, 59.0, 77.0, 75.0, 71.0, 69.0, 73.0, 82.0, 74.0, 79.0, 68.0, 79.0, 68.0, 72.0, 69.0, 70.0, 67.0, 80.0, 55.0, 77.0, 73.0, 63.0, 77.0, 46.0, 56.0, 45.0, 10.0, 7.0, 15.0, 16.0, 9.0
31, 79, 79, Entre_5700_e_8500, 1877, 2.0, 2.0, 2.0, 2021.0, 44.0, 46.0, 78.0, 73.0, 65.0, 44.0, 45.0, 67.0, 75.0, 59.0, 76.0, 79.0, 61.0, 76.0, 55.0, 74.0, 77.0, 68.0, 80.0, 63.0, 79.0, 75.0, 31.0, 49.0, 54.0, 78.0, 78.0, 83.0, 78.0, 6.0, 10.0, 12.0, 9.0, 8.0
29, 77, 77, Entre_5700_e_8500, 1952, 2.0, 4.0, 3.0, 2020.0, 72.0, 73.0, 80.0, 73.0, 59.0, 74.0, 68.0, 49.0, 64.0, 74.0, 77.0, 87.0, 73.0, 76.0, 66.0, 85.0, 91.0, 86.0, 81.0, 72.0, 73.0, 49.0, 76.0, 73.0, 61.0, 64.0, 37.0, 24.0, 22.0, 13.0, 7.0, 15.0, 7.0, 15.0
29, 77, 77, Entre_5700_e_8500, 1923, 2.0, 3.0, 4.0, 2020.0, 70.0, 72.0, 35.0, 72.0, 70.0, 84.0, 80.0, 71.0, 69.0, 81.0, 90.0, 80.0, 89.0, 75.0, 80.0, 77.0, 87.0, 69.0, 54.0, 74.0, 47.0, 39.0, 74.0, 69.0, 65.0, 84.0, 26.0, 38.0, 30.0, 8.0, 15.0, 14.0, 7.0, 12.0
29, 77, 77, Entre_5700_e_8500, 1928, 1.0, 4.0, 4.0, 2020.0, 79.0, 70.0, 54.0, 76.0, 64.0, 78.0, 62.0, 62.0, 67.0, 79.0, 78.0, 76.0, 75.0, 78.0, 69.0, 88.0, 77.0, 67.0, 69.0, 78.0, 85.0, 43.0, 79.0, 72.0, 48.0, 82.0, 54.0, 24.0, 14.0, 13.0, 13.0, 14.0, 8.0, 15.0
29, 77, 77, Entre_5700_e_8500, 1910, 2.0, 3.0, 4.0, 2020.0, 78.0, 78.0, 67.0, 74.0, 66.0, 79.0, 69.0, 57.0, 63.0, 76.0, 89.0, 83.0, 83.0, 72.0, 87.0, 68.0, 52.0, 68.0, 60.0, 68.0, 55.0, 28.0, 75.0, 76.0, 70.0, 71.0, 35.0, 42.0, 45.0, 11.0, 8.0, 10.0, 12.0, 6.0
28, 77, 79, Entre_5700_e_8500, 1646, 2.0, 3.0, 2.0, 2019.0, 40.0, 25.0, 74.0, 54.0, 33.0, 54.0, 38.0, 17.0, 54.0, 58.0, 69.0, 71.0, 72.0, 73.0, 79.0, 52.0, 80.0, 61.0, 73.0, 25.0, 85.0, 78.0, 23.0, 30.0, 35.0, 74.0, 79.0, 81.0, 79.0, 13.0, 11.0, 13.0, 11.0, 6.0
26, 76, 80, Entre_5700_e_8500, 1598, 1.0, 2.0, 2.0, 2021.0, 36.0, 40.0, 73.0, 57.0, 34.0, 31.0, 34.0, 27.0, 64.0, 42.0, 69.0, 74.0, 41.0, 72.0, 36.0, 48.0, 71.0, 79.0, 86.0, 30.0, 68.0, 82.0, 24.0, 51.0, 36.0, 75.0, 79.0, 78.0, 74.0, 15.0, 13.0, 12.0, 15.0, 7.0
24, 76, 81, Entre_5700_e_8500, 1977, 1.0, 3.0, 3.0, 2021.0, 69.0, 40.0, 65.0, 70.0, 60.0, 75.0, 70.0, 28.0, 53.0, 73.0, 93.0, 93.0, 85.0, 75.0, 76.0, 73.0, 86.0, 86.0, 66.0, 51.0, 76.0, 68.0, 70.0, 68.0, 38.0, 72.0, 72.0, 75.0, 72.0, 7.0, 15.0, 7.0, 11.0, 11.0
24, 76, 80, Entre_5700_e_8500, 1579, 1.0, 3.0, 2.0, 2022.0, 28.0, 22.0, 71.0, 67.0, 25.0, 58.0, 25.0, 22.0, 60.0, 60.0, 65.0, 68.0, 62.0, 68.0, 59.0, 42.0, 72.0, 69.0, 77.0, 18.0, 79.0, 77.0, 30.0, 48.0, 36.0, 68.0, 76.0, 79.0, 76.0, 6.0, 10.0, 6.0, 7.0, 11.0
22, 76, 81, Entre_5700_e_8500, 1860, 1.0, 3.0, 3.0, 2023.0, 59.0, 49.0, 62.0, 79.0, 43.0, 69.0, 66.0, 46.0, 78.0, 79.0, 47.0, 53.0, 61.0, 70.0, 73.0, 64.0, 60.0, 68.0, 65.0, 55.0, 79.0, 73.0, 60.0, 68.0, 50.0, 63.0, 77.0, 79.0, 73.0, 7.0, 13.0, 13.0, 15.0, 7.0
25, 75, 78, Entre_5700_e_8500, 1934, 1.0, 3.0, 4.0, 2019.0, 70.0, 67.0, 44.0, 69.0, 58.0, 78.0, 67.0, 60.0, 64.0, 77.0, 80.0, 80.0, 72.0, 74.0, 79.0, 75.0, 87.0, 78.0, 66.0, 71.0, 63.0, 50.0, 75.0, 66.0, 63.0, 74.0, 56.0, 50.0, 49.0, 6.0, 11.0, 11.0, 10.0, 8.0
23, 75, 79, Entre_5700_e_8500, 1884, 1.0, 3.0, 3.0, 2020.0, 70.0, 70.0, 56.0, 74.0, 62.0, 76.0, 67.0, 59.0, 70.0, 73.0, 78.0, 77.0, 76.0, 69.0, 70.0, 68.0, 64.0, 77.0, 68.0, 69.0, 53.0, 43.0, 75.0, 73.0, 71.0, 73.0, 53.0, 33.0, 32.0, 15.0, 10.0, 12.0, 15.0, 6.0
25, 75, 78, Entre_5700_e_8500, 1878, 1.0, 4.0, 3.0, 2020.0, 75.0, 79.0, 55.0, 71.0, 69.0, 77.0, 69.0, 58.0, 66.0, 76.0, 73.0, 74.0, 74.0, 76.0, 59.0, 79.0, 72.0, 72.0, 65.0, 71.0, 42.0, 40.0, 79.0, 60.0, 65.0, 63.0, 56.0, 39.0, 40.0, 11.0, 9.0, 6.0, 8.0, 13.0
24, 75, 78, Entre_5700_e_8500, 1800, 1.0, 3.0, 3.0, 2021.0, 74.0, 69.0, 55.0, 74.0, 54.0, 78.0, 76.0, 64.0, 63.0, 77.0, 74.0, 78.0, 72.0, 72.0, 63.0, 65.0, 56.0, 78.0, 62.0, 66.0, 35.0, 38.0, 75.0, 69.0, 59.0, 69.0, 59.0, 28.0, 21.0, 6.0, 8.0, 10.0, 12.0, 10.0
25, 75, 78, Entre_5700_e_8500, 1999, 1.0, 4.0, 4.0, 2021.0, 66.0, 70.0, 44.0, 79.0, 49.0, 75.0, 73.0, 62.0, 65.0, 77.0, 82.0, 78.0, 86.0, 72.0, 84.0, 67.0, 48.0, 90.0, 67.0, 72.0, 73.0, 70.0, 70.0, 70.0, 56.0, 78.0, 67.0, 69.0, 64.0, 15.0, 10.0, 8.0, 8.0, 13.0
25, 75, 77, Entre_5700_e_8500, 1785, 2.0, 4.0, 3.0, 2022.0, 50.0, 75.0, 74.0, 64.0, 76.0, 72.0, 64.0, 60.0, 46.0, 76.0, 70.0, 75.0, 71.0, 70.0, 59.0, 79.0, 76.0, 65.0, 78.0, 62.0, 58.0, 20.0, 77.0, 48.0, 77.0, 70.0, 43.0, 26.0, 24.0, 12.0, 6.0, 10.0, 8.0, 14.0
22, 74, 82, Entre_5700_e_8500, 2011, 1.0, 3.0, 3.0, 2020.0, 71.0, 71.0, 59.0, 74.0, 76.0, 73.0, 75.0, 75.0, 68.0, 75.0, 79.0, 75.0, 74.0, 68.0, 69.0, 74.0, 64.0, 87.0, 68.0, 73.0, 57.0, 68.0, 73.0, 71.0, 68.0, 64.0, 59.0, 59.0, 55.0, 15.0, 12.0, 6.0, 9.0, 11.0
21, 74, 82, Entre_5700_e_8500, 1955, 1.0, 4.0, 3.0, 2021.0, 73.0, 61.0, 67.0, 77.0, 52.0, 78.0, 64.0, 66.0, 75.0, 76.0, 73.0, 77.0, 76.0, 67.0, 66.0, 61.0, 61.0, 76.0, 70.0, 52.0, 65.0, 68.0, 64.0, 72.0, 53.0, 65.0, 65.0, 73.0, 69.0, 12.0, 6.0, 11.0, 15.0, 14.0
20, 74, 82, Entre_5700_e_8500, 1787, 1.0, 3.0, 3.0, 2022.0, 74.0, 73.0, 42.0, 79.0, 35.0, 77.0, 41.0, 35.0, 77.0, 78.0, 69.0, 66.0, 82.0, 63.0, 90.0, 58.0, 55.0, 67.0, 59.0, 60.0, 57.0, 52.0, 71.0, 66.0, 37.0, 62.0, 58.0, 59.0, 55.0, 9.0, 7.0, 13.0, 15.0, 8.0
29, 79, 79, Entre_8500_e_11500, 2073, 2.0, 3.0, 4.0, 2019.0, 77.0, 59.0, 59.0, 75.0, 57.0, 75.0, 77.0, 53.0, 69.0, 78.0, 79.0, 89.0, 76.0, 80.0, 74.0, 73.0, 78.0, 93.0, 73.0, 56.0, 77.0, 76.0, 78.0, 66.0, 55.0, 75.0, 69.0, 76.0, 75.0, 8.0, 6.0, 13.0, 15.0, 9.0
30, 78, 78, Entre_8500_e_11500, 2078, 2.0, 4.0, 3.0, 2020.0, 76.0, 70.0, 57.0, 80.0, 65.0, 73.0, 75.0, 76.0, 81.0, 81.0, 57.0, 66.0, 76.0, 78.0, 79.0, 73.0, 54.0, 66.0, 70.0, 74.0, 71.0, 72.0, 68.0, 80.0, 84.0, 84.0, 70.0, 72.0, 64.0, 14.0, 13.0, 12.0, 15.0, 16.0
26, 78, 82, Entre_8500_e_11500, 1277, 1.0, 3.0, 1.0, 2020.0, 10.0, 14.0, 21.0, 25.0, 10.0, 16.0, 15.0, 13.0, 23.0, 20.0, 50.0, 54.0, 65.0, 76.0, 65.0, 31.0, 76.0, 47.0, 77.0, 16.0, 27.0, 21.0, 10.0, 55.0, 13.0, 44.0, 21.0, 17.0, 13.0, 81.0, 76.0, 65.0, 74.0, 80.0
27, 77, 77, Entre_8500_e_11500, 1928, 1.0, 3.0, 4.0, 2020.0, 75.0, 76.0, 66.0, 73.0, 77.0, 78.0, 82.0, 71.0, 63.0, 78.0, 78.0, 81.0, 73.0, 77.0, 68.0, 83.0, 64.0, 68.0, 68.0, 80.0, 59.0, 24.0, 79.0, 73.0, 77.0, 80.0, 25.0, 33.0, 23.0, 13.0, 12.0, 11.0, 9.0, 11.0
23, 76, 83, Entre_8500_e_11500, 1981, 1.0, 5.0, 3.0, 2021.0, 72.0, 48.0, 54.0, 80.0, 68.0, 80.0, 74.0, 62.0, 78.0, 80.0, 73.0, 73.0, 82.0, 74.0, 79.0, 58.0, 54.0, 78.0, 54.0, 58.0, 65.0, 75.0, 64.0, 78.0, 58.0, 76.0, 75.0, 73.0, 67.0, 10.0, 7.0, 6.0, 10.0, 14.0
25, 76, 79, Entre_8500_e_11500, 2045, 2.0, 4.0, 4.0, 2023.0, 63.0, 66.0, 42.0, 73.0, 68.0, 77.0, 72.0, 66.0, 71.0, 78.0, 83.0, 79.0, 84.0, 73.0, 69.0, 76.0, 79.0, 86.0, 74.0, 73.0, 81.0, 56.0, 72.0, 76.0, 69.0, 78.0, 66.0, 56.0, 54.0, 6.0, 14.0, 15.0, 15.0, 13.0
22, 76, 83, Entre_8500_e_11500, 1812, 2.0, 3.0, 2.0, 2023.0, 67.0, 51.0, 74.0, 68.0, 43.0, 60.0, 45.0, 30.0, 60.0, 66.0, 71.0, 68.0, 67.0, 69.0, 66.0, 65.0, 82.0, 69.0, 75.0, 39.0, 83.0, 75.0, 49.0, 39.0, 44.0, 66.0, 74.0, 76.0, 77.0, 15.0, 13.0, 10.0, 10.0, 12.0
27, 91, 92, Entre_8500_e_11500, 2281, 4.0, 5.0, 4.0, 2023.0, 93.0, 82.0, 55.0, 92.0, 82.0, 86.0, 85.0, 83.0, 91.0, 91.0, 78.0, 76.0, 79.0, 91.0, 77.0, 91.0, 63.0, 90.0, 75.0, 91.0, 76.0, 61.0, 87.0, 94.0, 79.0, 88.0, 68.0, 58.0, 51.0, 15.0, 13.0, 5.0, 10.0, 13.0
26, 79, 81, Entre_8500_e_11500, 1341, 1.0, 4.0, 1.0, 2022.0, 23.0, 11.0, 14.0, 40.0, 15.0, 13.0, 23.0, 12.0, 45.0, 24.0, 53.0, 52.0, 53.0, 73.0, 50.0, 35.0, 78.0, 34.0, 68.0, 18.0, 36.0, 23.0, 10.0, 68.0, 25.0, 64.0, 10.0, 20.0, 17.0, 81.0, 74.0, 82.0, 78.0, 83.0
25, 78, 81, Entre_8500_e_11500, 1936, 2.0, 5.0, 3.0, 2022.0, 78.0, 33.0, 68.0, 74.0, 41.0, 74.0, 75.0, 39.0, 68.0, 75.0, 75.0, 79.0, 79.0, 72.0, 77.0, 67.0, 77.0, 87.0, 68.0, 51.0, 74.0, 76.0, 64.0, 60.0, 49.0, 72.0, 79.0, 78.0, 78.0, 5.0, 3.0, 5.0, 5.0, 3.0
26, 77, 78, Entre_8500_e_11500, 2076, 1.0, 3.0, 4.0, 2020.0, 80.0, 70.0, 59.0, 72.0, 66.0, 78.0, 81.0, 79.0, 75.0, 76.0, 79.0, 78.0, 74.0, 74.0, 76.0, 78.0, 73.0, 74.0, 64.0, 75.0, 58.0, 66.0, 73.0, 77.0, 72.0, 74.0, 63.0, 68.0, 71.0, 12.0, 8.0, 13.0, 7.0, 7.0
26, 77, 78, Entre_8500_e_11500, 1667, 2.0, 3.0, 3.0, 2019.0, 39.0, 78.0, 90.0, 65.0, 70.0, 68.0, 68.0, 36.0, 35.0, 76.0, 51.0, 69.0, 54.0, 72.0, 55.0, 78.0, 83.0, 66.0, 85.0, 68.0, 40.0, 19.0, 78.0, 42.0, 72.0, 74.0, 30.0, 13.0, 12.0, 14.0, 11.0, 10.0, 13.0, 7.0
23, 76, 81, Entre_8500_e_11500, 1810, 1.0, 3.0, 3.0, 2023.0, 76.0, 73.0, 47.0, 76.0, 56.0, 79.0, 54.0, 49.0, 71.0, 77.0, 73.0, 86.0, 74.0, 69.0, 60.0, 70.0, 69.0, 63.0, 65.0, 64.0, 45.0, 39.0, 72.0, 68.0, 47.0, 61.0, 48.0, 39.0, 42.0, 9.0, 12.0, 14.0, 14.0, 10.0
20, 75, 84, Entre_8500_e_11500, 1938, 1.0, 3.0, 3.0, 2021.0, 77.0, 67.0, 58.0, 77.0, 70.0, 79.0, 69.0, 52.0, 74.0, 79.0, 84.0, 71.0, 79.0, 62.0, 74.0, 72.0, 62.0, 63.0, 60.0, 72.0, 64.0, 57.0, 69.0, 69.0, 65.0, 68.0, 27.0, 62.0, 60.0, 12.0, 9.0, 14.0, 14.0, 15.0
35, 83, 83, Entre_8500_e_11500, 1929, 4.0, 4.0, 5.0, 2019.0, 80.0, 74.0, 41.0, 83.0, 79.0, 84.0, 83.0, 81.0, 74.0, 87.0, 78.0, 78.0, 84.0, 83.0, 90.0, 75.0, 34.0, 58.0, 60.0, 71.0, 51.0, 33.0, 77.0, 84.0, 78.0, 85.0, 31.0, 25.0, 26.0, 15.0, 6.0, 9.0, 7.0, 10.0
27, 80, 81, Entre_8500_e_11500, 1191, 2.0, 4.0, 1.0, 2019.0, 13.0, 13.0, 11.0, 25.0, 12.0, 10.0, 14.0, 12.0, 12.0, 24.0, 45.0, 52.0, 42.0, 80.0, 37.0, 22.0, 75.0, 45.0, 73.0, 13.0, 30.0, 22.0, 12.0, 46.0, 17.0, 62.0, 15.0, 14.0, 10.0, 79.0, 74.0, 77.0, 82.0, 83.0
31, 79, 79, Entre_8500_e_11500, 1946, 3.0, 4.0, 4.0, 2021.0, 72.0, 78.0, 60.0, 76.0, 76.0, 83.0, 80.0, 78.0, 58.0, 83.0, 85.0, 84.0, 81.0, 78.0, 80.0, 80.0, 50.0, 78.0, 60.0, 76.0, 60.0, 24.0, 83.0, 78.0, 78.0, 78.0, 31.0, 20.0, 26.0, 8.0, 12.0, 11.0, 10.0, 9.0
26, 78, 83, Entre_8500_e_11500, 1748, 1.0, 2.0, 2.0, 2022.0, 45.0, 35.0, 74.0, 80.0, 37.0, 56.0, 49.0, 46.0, 77.0, 75.0, 46.0, 44.0, 52.0, 76.0, 50.0, 45.0, 69.0, 68.0, 78.0, 47.0, 70.0, 81.0, 52.0, 56.0, 41.0, 68.0, 80.0, 81.0, 78.0, 15.0, 16.0, 11.0, 11.0, 7.0
23, 77, 81, Entre_8500_e_11500, 2042, 2.0, 4.0, 4.0, 2019.0, 79.0, 54.0, 62.0, 74.0, 57.0, 80.0, 53.0, 46.0, 66.0, 80.0, 89.0, 93.0, 78.0, 78.0, 79.0, 76.0, 74.0, 76.0, 84.0, 66.0, 74.0, 77.0, 61.0, 68.0, 53.0, 76.0, 66.0, 74.0, 72.0, 8.0, 7.0, 14.0, 15.0, 9.0
22, 76, 85, Entre_8500_e_11500, 2028, 2.0, 3.0, 4.0, 2019.0, 70.0, 66.0, 68.0, 78.0, 60.0, 76.0, 71.0, 50.0, 75.0, 78.0, 79.0, 79.0, 76.0, 76.0, 74.0, 79.0, 62.0, 73.0, 64.0, 74.0, 68.0, 64.0, 78.0, 75.0, 50.0, 75.0, 68.0, 70.0, 66.0, 7.0, 16.0, 9.0, 14.0, 15.0
32, 82, 82, Maior_que_11500, 1687, 2.0, 2.0, 2.0, 2021.0, 46.0, 38.0, 85.0, 68.0, 27.0, 52.0, 30.0, 35.0, 53.0, 60.0, 50.0, 63.0, 35.0, 77.0, 34.0, 58.0, 77.0, 68.0, 89.0, 37.0, 83.0, 82.0, 30.0, 49.0, 57.0, 71.0, 85.0, 84.0, 78.0, 7.0, 16.0, 11.0, 16.0, 7.0
27, 80, 83, Maior_que_11500, 1291, 2.0, 4.0, 1.0, 2021.0, 17.0, 12.0, 19.0, 37.0, 19.0, 15.0, 13.0, 20.0, 38.0, 34.0, 57.0, 45.0, 54.0, 77.0, 42.0, 25.0, 57.0, 40.0, 65.0, 17.0, 18.0, 21.0, 11.0, 57.0, 27.0, 61.0, 25.0, 18.0, 16.0, 79.0, 77.0, 77.0, 79.0, 83.0
27, 79, 81, Maior_que_11500, 2045, 1.0, 2.0, 2.0, 2020.0, 66.0, 54.0, 75.0, 79.0, 50.0, 62.0, 71.0, 78.0, 75.0, 74.0, 53.0, 59.0, 58.0, 77.0, 58.0, 79.0, 62.0, 86.0, 82.0, 72.0, 88.0, 79.0, 66.0, 73.0, 87.0, 73.0, 78.0, 76.0, 72.0, 13.0, 9.0, 16.0, 6.0, 12.0
28, 79, 79, Maior_que_11500, 1927, 3.0, 3.0, 4.0, 2022.0, 78.0, 68.0, 60.0, 74.0, 68.0, 85.0, 62.0, 68.0, 67.0, 82.0, 83.0, 89.0, 86.0, 78.0, 76.0, 79.0, 72.0, 72.0, 58.0, 74.0, 62.0, 31.0, 77.0, 75.0, 62.0, 63.0, 30.0, 32.0, 31.0, 13.0, 7.0, 10.0, 10.0, 8.0
21, 77, 84, Maior_que_11500, 2006, 1.0, 4.0, 3.0, 2022.0, 67.0, 57.0, 50.0, 79.0, 57.0, 78.0, 66.0, 65.0, 80.0, 80.0, 74.0, 68.0, 75.0, 74.0, 84.0, 64.0, 68.0, 78.0, 63.0, 62.0, 79.0, 69.0, 68.0, 75.0, 61.0, 74.0, 64.0, 71.0, 69.0, 6.0, 15.0, 12.0, 15.0, 13.0
28, 80, 81, Maior_que_11500, 2005, 2.0, 3.0, 2.0, 2021.0, 50.0, 58.0, 83.0, 80.0, 52.0, 64.0, 62.0, 59.0, 74.0, 75.0, 63.0, 55.0, 68.0, 81.0, 63.0, 76.0, 85.0, 79.0, 75.0, 54.0, 85.0, 86.0, 66.0, 76.0, 48.0, 76.0, 78.0, 81.0, 74.0, 9.0, 13.0, 15.0, 8.0, 10.0
27, 80, 81, Maior_que_11500, 1905, 2.0, 3.0, 3.0, 2023.0, 84.0, 28.0, 65.0, 71.0, 28.0, 69.0, 78.0, 38.0, 68.0, 80.0, 71.0, 71.0, 77.0, 80.0, 66.0, 74.0, 82.0, 91.0, 69.0, 39.0, 76.0, 81.0, 46.0, 64.0, 23.0, 70.0, 69.0, 81.0, 82.0, 14.0, 9.0, 7.0, 9.0, 15.0
23, 78, 83, Maior_que_11500, 2044, 2.0, 2.0, 4.0, 2021.0, 65.0, 62.0, 51.0, 80.0, 67.0, 82.0, 69.0, 62.0, 76.0, 81.0, 66.0, 64.0, 75.0, 76.0, 71.0, 83.0, 53.0, 75.0, 72.0, 79.0, 74.0, 77.0, 68.0, 80.0, 81.0, 79.0, 65.0, 71.0, 60.0, 9.0, 10.0, 16.0, 9.0, 15.0
20, 76, 87, Maior_que_11500, 1772, 1.0, 1.0, 4.0, 2021.0, 68.0, 69.0, 44.0, 69.0, 68.0, 79.0, 66.0, 55.0, 59.0, 77.0, 94.0, 93.0, 79.0, 72.0, 74.0, 75.0, 48.0, 72.0, 66.0, 66.0, 53.0, 17.0, 71.0, 69.0, 58.0, 75.0, 25.0, 16.0, 21.0, 14.0, 13.0, 7.0, 6.0, 9.0
31, 81, 81, Maior_que_11500, 1970, 3.0, 5.0, 5.0, 2020.0, 80.0, 70.0, 61.0, 79.0, 75.0, 87.0, 86.0, 79.0, 77.0, 86.0, 77.0, 74.0, 92.0, 77.0, 77.0, 85.0, 37.0, 74.0, 62.0, 83.0, 61.0, 31.0, 74.0, 79.0, 72.0, 82.0, 53.0, 22.0, 20.0, 5.0, 10.0, 13.0, 6.0, 6.0
25, 79, 82, Maior_que_11500, 2065, 1.0, 3.0, 3.0, 2020.0, 73.0, 73.0, 65.0, 82.0, 58.0, 77.0, 81.0, 78.0, 81.0, 81.0, 65.0, 61.0, 67.0, 74.0, 75.0, 75.0, 57.0, 76.0, 73.0, 76.0, 66.0, 73.0, 68.0, 80.0, 69.0, 80.0, 75.0, 75.0, 69.0, 8.0, 11.0, 6.0, 7.0, 10.0
27, 81, 82, Maior_que_11500, 2114, 2.0, 4.0, 3.0, 2022.0, 85.0, 54.0, 70.0, 79.0, 52.0, 79.0, 77.0, 68.0, 74.0, 80.0, 71.0, 82.0, 72.0, 79.0, 62.0, 80.0, 73.0, 88.0, 68.0, 69.0, 74.0, 76.0, 69.0, 69.0, 76.0, 75.0, 79.0, 81.0, 80.0, 12.0, 7.0, 8.0, 8.0, 13.0
24, 80, 84, Maior_que_11500, 2033, 2.0, 3.0, 2.0, 2021.0, 67.0, 52.0, 82.0, 77.0, 51.0, 65.0, 60.0, 74.0, 78.0, 70.0, 62.0, 68.0, 52.0, 78.0, 38.0, 82.0, 77.0, 78.0, 89.0, 72.0, 91.0, 81.0, 53.0, 67.0, 70.0, 77.0, 82.0, 81.0, 83.0, 11.0, 14.0, 6.0, 13.0, 9.0
25, 79, 84, Maior_que_11500, 2101, 1.0, 3.0, 3.0, 2021.0, 74.0, 66.0, 54.0, 84.0, 68.0, 76.0, 70.0, 76.0, 79.0, 79.0, 72.0, 66.0, 76.0, 79.0, 76.0, 76.0, 69.0, 79.0, 68.0, 74.0, 72.0, 76.0, 72.0, 78.0, 78.0, 80.0, 69.0, 76.0, 72.0, 9.0, 10.0, 11.0, 8.0, 9.0
28, 81, 81, Maior_que_11500, 2106, 3.0, 4.0, 3.0, 2019.0, 63.0, 68.0, 59.0, 78.0, 59.0, 76.0, 67.0, 63.0, 75.0, 78.0, 71.0, 73.0, 66.0, 78.0, 70.0, 81.0, 66.0, 94.0, 73.0, 78.0, 83.0, 81.0, 81.0, 77.0, 64.0, 75.0, 83.0, 80.0, 67.0, 6.0, 10.0, 15.0, 7.0, 16.0
23, 79, 85, Maior_que_11500, 1963, 1.0, 3.0, 4.0, 2021.0, 78.0, 67.0, 56.0, 77.0, 63.0, 84.0, 74.0, 72.0, 74.0, 83.0, 76.0, 74.0, 86.0, 80.0, 82.0, 67.0, 57.0, 68.0, 54.0, 68.0, 73.0, 46.0, 76.0, 79.0, 72.0, 80.0, 52.0, 41.0, 27.0, 11.0, 12.0, 9.0, 10.0, 15.0
24, 80, 84, Maior_que_11500, 2074, 2.0, 4.0, 4.0, 2022.0, 72.0, 72.0, 46.0, 82.0, 59.0, 82.0, 85.0, 80.0, 80.0, 84.0, 67.0, 67.0, 77.0, 81.0, 77.0, 75.0, 72.0, 74.0, 67.0, 75.0, 69.0, 57.0, 78.0, 81.0, 70.0, 77.0, 65.0, 59.0, 53.0, 14.0, 15.0, 11.0, 14.0, 14.0
24, 80, 85, Maior_que_11500, 2153, 2.0, 4.0, 3.0, 2022.0, 70.0, 60.0, 72.0, 81.0, 61.0, 76.0, 68.0, 65.0, 80.0, 81.0, 69.0, 73.0, 73.0, 78.0, 71.0, 81.0, 76.0, 85.0, 83.0, 75.0, 85.0, 81.0, 73.0, 79.0, 60.0, 74.0, 82.0, 81.0, 80.0, 14.0, 8.0, 8.0, 13.0, 11.0
23, 82, 87, Maior_que_11500, 1319, 1.0, 3.0, 1.0, 2023.0, 24.0, 19.0, 15.0, 38.0, 17.0, 18.0, 23.0, 21.0, 41.0, 16.0, 45.0, 52.0, 40.0, 74.0, 57.0, 21.0, 68.0, 42.0, 52.0, 18.0, 39.0, 16.0, 20.0, 62.0, 25.0, 62.0, 19.0, 20.0, 11.0, 81.0, 82.0, 79.0, 83.0, 81.0
20, 80, 90, Maior_que_11500, 2048, 1.0, 4.0, 4.0, 2023.0, 68.0, 72.0, 54.0, 84.0, 68.0, 84.0, 78.0, 59.0, 78.0, 82.0, 79.0, 79.0, 81.0, 78.0, 81.0, 61.0, 61.0, 79.0, 61.0, 67.0, 69.0, 66.0, 73.0, 84.0, 63.0, 82.0, 64.0, 64.0, 63.0, 14.0, 6.0, 11.0, 7.0, 10.0
24, 81, 88, Maior_que_11500, 2075, 3.0, 5.0, 4.0, 2021.0, 77.0, 65.0, 52.0, 82.0, 70.0, 84.0, 80.0, 65.0, 79.0, 85.0, 82.0, 84.0, 79.0, 76.0, 76.0, 76.0, 54.0, 72.0, 54.0, 80.0, 56.0, 75.0, 77.0, 82.0, 51.0, 75.0, 69.0, 72.0, 71.0, 12.0, 9.0, 12.0, 11.0, 6.0
24, 81, 87, Maior_que_11500, 2000, 2.0, 3.0, 4.0, 2025.0, 78.0, 77.0, 70.0, 79.0, 68.0, 82.0, 49.0, 53.0, 66.0, 81.0, 92.0, 94.0, 80.0, 78.0, 55.0, 85.0, 86.0, 75.0, 85.0, 78.0, 66.0, 21.0, 76.0, 75.0, 64.0, 71.0, 52.0, 38.0, 31.0, 14.0, 15.0, 14.0, 10.0, 13.0
27, 83, 83, Maior_que_11500, 2157, 2.0, 3.0, 4.0, 2023.0, 70.0, 72.0, 59.0, 85.0, 56.0, 82.0, 65.0, 49.0, 77.0, 80.0, 81.0, 74.0, 82.0, 86.0, 80.0, 70.0, 70.0, 95.0, 77.0, 66.0, 87.0, 86.0, 79.0, 79.0, 53.0, 79.0, 85.0, 85.0, 83.0, 13.0, 13.0, 5.0, 5.0, 8.0
31, 84, 84, Maior_que_11500, 2053, 3.0, 4.0, 4.0, 2021.0, 87.0, 78.0, 59.0, 84.0, 77.0, 86.0, 90.0, 84.0, 80.0, 90.0, 75.0, 72.0, 79.0, 75.0, 80.0, 80.0, 48.0, 73.0, 72.0, 82.0, 57.0, 37.0, 79.0, 87.0, 74.0, 82.0, 32.0, 36.0, 39.0, 11.0, 15.0, 9.0, 14.0, 12.0
31, 87, 87, Maior_que_11500, 1345, 3.0, 3.0, 1.0, 2020.0, 11.0, 15.0, 11.0, 30.0, 11.0, 16.0, 11.0, 15.0, 37.0, 19.0, 54.0, 53.0, 60.0, 84.0, 61.0, 21.0, 74.0, 39.0, 75.0, 13.0, 32.0, 20.0, 16.0, 68.0, 25.0, 67.0, 28.0, 14.0, 14.0, 90.0, 81.0, 75.0, 82.0, 90.0
22, 83, 89, Maior_que_11500, 2173, 3.0, 2.0, 4.0, 2023.0, 83.0, 75.0, 54.0, 84.0, 78.0, 85.0, 85.0, 81.0, 75.0, 86.0, 86.0, 84.0, 87.0, 80.0, 86.0, 79.0, 71.0, 79.0, 63.0, 76.0, 63.0, 66.0, 77.0, 85.0, 68.0, 80.0, 55.0, 59.0, 63.0, 11.0, 15.0, 13.0, 7.0, 14.0
29, 85, 85, Maior_que_11500, 2003, 4.0, 4.0, 2.0, 2021.0, 65.0, 87.0, 82.0, 65.0, 81.0, 77.0, 62.0, 59.0, 52.0, 83.0, 74.0, 76.0, 58.0, 85.0, 53.0, 83.0, 64.0, 76.0, 92.0, 74.0, 93.0, 40.0, 87.0, 74.0, 75.0, 83.0, 58.0, 39.0, 34.0, 11.0, 13.0, 12.0, 8.0, 11.0
22, 84, 90, Maior_que_11500, 2189, 3.0, 3.0, 4.0, 2024.0, 69.0, 83.0, 77.0, 85.0, 79.0, 83.0, 75.0, 68.0, 80.0, 85.0, 73.0, 76.0, 76.0, 85.0, 62.0, 78.0, 67.0, 90.0, 71.0, 80.0, 84.0, 74.0, 86.0, 85.0, 74.0, 86.0, 70.0, 70.0, 63.0, 7.0, 6.0, 9.0, 11.0, 8.0
27, 86, 86, Maior_que_11500, 2190, 3.0, 3.0, 5.0, 2021.0, 72.0, 69.0, 54.0, 90.0, 90.0, 90.0, 85.0, 77.0, 87.0, 90.0, 78.0, 69.0, 90.0, 84.0, 86.0, 75.0, 75.0, 75.0, 59.0, 79.0, 57.0, 78.0, 79.0, 86.0, 75.0, 85.0, 67.0, 63.0, 65.0, 6.0, 11.0, 7.0, 9.0, 13.0
28, 90, 90, Maior_que_11500, 2190, 4.0, 5.0, 3.0, 2022.0, 88.0, 76.0, 54.0, 92.0, 82.0, 81.0, 86.0, 84.0, 93.0, 90.0, 64.0, 62.0, 70.0, 89.0, 71.0, 87.0, 30.0, 75.0, 73.0, 92.0, 60.0, 82.0, 79.0, 86.0, 73.0, 85.0, 72.0, 79.0, 69.0, 10.0, 11.0, 13.0, 7.0, 10.0
31, 94, 94, Maior_que_11500, 2202, 5.0, 4.0, 4.0, 2021.0, 84.0, 95.0, 70.0, 90.0, 86.0, 97.0, 93.0, 94.0, 87.0, 96.0, 91.0, 86.0, 91.0, 95.0, 95.0, 85.0, 68.0, 72.0, 59.0, 94.0, 48.0, 22.0, 94.0, 94.0, 75.0, 96.0, 33.0, 28.0, 26.0, 6.0, 11.0, 15.0, 14.0, 8.0
26, 92, 93, Maior_que_11500, 2143, 5.0, 5.0, 5.0, 2022.0, 79.0, 87.0, 62.0, 84.0, 84.0, 96.0, 88.0, 87.0, 78.0, 95.0, 94.0, 90.0, 96.0, 94.0, 84.0, 80.0, 61.0, 81.0, 49.0, 82.0, 56.0, 36.0, 89.0, 87.0, 81.0, 94.0, 27.0, 24.0, 33.0, 9.0, 9.0, 15.0, 15.0, 11.0
