@relation fifa_final
@attribute Age integer [17, 37]
@attribute Overall integer [71, 94]
@attribute Potential integer [73, 95]
@attribute Value {Menor_que_5700, Entre_5700_e_8500, Entre_8500_e_11500, Maior_que_11500}
@attribute Special integer [1043, 2346]
@attribute InternationalReputation real [1.0, 5.0]
@attribute WeakFoot real [1.0, 5.0]
@attribute SkillMoves real [1.0, 5.0]
@attribute ContractValidUntil real [2018.0, 2026.0]
@attribute Crossing real [9.0, 93.0]
@attribute Finishing real [5.0, 95.0]
@attribute HeadingAccuracy real [8.0, 93.0]
@attribute ShortPassing real [13.0, 93.0]
@attribute Volleys real [5.0, 90.0]
@attribute Dribbling real [8.0, 97.0]
@attribute Curve real [9.0, 94.0]
@attribute FKAccuracy real [7.0, 94.0]
@attribute LongPassing real [12.0, 93.0]
@attribute BallControl real [11.0, 96.0]
@attribute Acceleration real [29.0, 97.0]
@attribute SprintSpeed real [26.0, 96.0]
@attribute Agility real [21.0, 96.0]
@attribute Reactions real [51.0, 96.0]
@attribute Balance real [22.0, 96.0]
@attribute ShotPower real [12.0, 95.0]
@attribute Jumping real [30.0, 95.0]
@attribute Stamina real [20.0, 96.0]
@attribute Strength real [27.0, 95.0]
@attribute LongShots real [6.0, 94.0]
@attribute Aggression real [11.0, 94.0]
@attribute Interceptions real [7.0, 92.0]
@attribute Positioning real [4.0, 95.0]
@attribute Vision real [11.0, 94.0]
@attribute Penalties real [10.0, 92.0]
@attribute Composure real [25.0, 96.0]
@attribute Marking real [9.0, 94.0]
@attribute StandingTackle real [7.0, 92.0]
@attribute SlidingTackle real [8.0, 91.0]
@attribute GKDiving real [1.0, 90.0]
@attribute GKHandling real [1.0, 92.0]
@attribute GKKicking real [1.0, 91.0]
@attribute GKPositioning real [1.0, 88.0]
@attribute GKReflexes real [1.0, 94.0]
@inputs Age, Overall, Potential, Special, InternationalReputation, WeakFoot, SkillMoves, ContractValidUntil, Crossing, Finishing, HeadingAccuracy, ShortPassing, Volleys, Dribbling, Curve, FKAccuracy, LongPassing, BallControl, Acceleration, SprintSpeed, Agility, Reactions, Balance, ShotPower, Jumping, Stamina, Strength, LongShots, Aggression, Interceptions, Positioning, Vision, Penalties, Composure, Marking, StandingTackle, SlidingTackle, GKDiving, GKHandling, GKKicking, GKPositioning, GKReflexes
@outputs Value
@data
21, 83, 92, Menor_que_5700, 2051, 2.0, 3.0, 4.0, 2023.0, 66.0, 84.0, 74.0, 76.0, 72.0, 86.0, 76.0, 54.0, 66.0, 85.0, 87.0, 85.0, 92.0, 86.0, 91.0, 78.0, 77.0, 84.0, 68.0, 73.0, 73.0, 32.0, 88.0, 77.0, 78.0, 82.0, 53.0, 23.0, 19.0, 13.0, 8.0, 6.0, 6.0, 15.0
27, 73, 73, Menor_que_5700, 1966, 1.0, 3.0, 4.0, 2018.0, 51.0, 67.0, 58.0, 82.0, 70.0, 79.0, 72.0, 68.0, 63.0, 78.0, 83.0, 79.0, 86.0, 79.0, 81.0, 75.0, 72.0, 79.0, 68.0, 69.0, 59.0, 50.0, 61.0, 70.0, 61.0, 80.0, 55.0, 55.0, 50.0, 6.0, 8.0, 12.0, 7.0, 13.0
25, 72, 76, Menor_que_5700, 1774, 1.0, 3.0, 3.0, 2020.0, 59.0, 71.0, 65.0, 64.0, 69.0, 73.0, 68.0, 54.0, 45.0, 71.0, 67.0, 71.0, 65.0, 72.0, 64.0, 74.0, 84.0, 67.0, 76.0, 64.0, 72.0, 35.0, 73.0, 63.0, 64.0, 75.0, 20.0, 21.0, 21.0, 13.0, 13.0, 15.0, 11.0, 10.0
24, 72, 76, Menor_que_5700, 1726, 1.0, 3.0, 3.0, 2021.0, 69.0, 72.0, 68.0, 71.0, 56.0, 74.0, 45.0, 28.0, 53.0, 75.0, 73.0, 71.0, 74.0, 69.0, 66.0, 74.0, 80.0, 72.0, 69.0, 70.0, 64.0, 22.0, 72.0, 63.0, 56.0, 52.0, 24.0, 24.0, 18.0, 6.0, 12.0, 13.0, 8.0, 15.0
24, 72, 77, Menor_que_5700, 1883, 1.0, 3.0, 3.0, 2019.0, 61.0, 63.0, 58.0, 76.0, 51.0, 74.0, 63.0, 62.0, 68.0, 74.0, 68.0, 66.0, 61.0, 69.0, 64.0, 66.0, 61.0, 72.0, 81.0, 67.0, 65.0, 66.0, 68.0, 69.0, 57.0, 70.0, 64.0, 67.0, 48.0, 13.0, 9.0, 10.0, 9.0, 13.0
37, 84, 84, Menor_que_5700, 1740, 3.0, 3.0, 2.0, 2019.0, 40.0, 21.0, 72.0, 65.0, 35.0, 64.0, 50.0, 31.0, 65.0, 65.0, 61.0, 77.0, 52.0, 80.0, 64.0, 54.0, 81.0, 53.0, 83.0, 39.0, 66.0, 90.0, 28.0, 62.0, 60.0, 88.0, 94.0, 90.0, 82.0, 4.0, 2.0, 4.0, 2.0, 4.0
30, 74, 74, Menor_que_5700, 1485, 1.0, 2.0, 2.0, 2023.0, 28.0, 30.0, 76.0, 55.0, 21.0, 37.0, 21.0, 26.0, 65.0, 57.0, 45.0, 55.0, 37.0, 64.0, 31.0, 37.0, 80.0, 62.0, 95.0, 23.0, 94.0, 72.0, 39.0, 36.0, 39.0, 55.0, 78.0, 65.0, 63.0, 13.0, 14.0, 14.0, 6.0, 7.0
27, 73, 73, Menor_que_5700, 1894, 1.0, 4.0, 3.0, 2019.0, 71.0, 66.0, 66.0, 74.0, 62.0, 73.0, 75.0, 75.0, 76.0, 75.0, 64.0, 63.0, 73.0, 68.0, 60.0, 72.0, 63.0, 73.0, 69.0, 73.0, 59.0, 45.0, 69.0, 78.0, 68.0, 67.0, 42.0, 48.0, 33.0, 10.0, 11.0, 14.0, 12.0, 14.0
23, 72, 77, Menor_que_5700, 1909, 1.0, 3.0, 3.0, 2021.0, 70.0, 73.0, 77.0, 72.0, 64.0, 66.0, 57.0, 50.0, 71.0, 72.0, 55.0, 64.0, 69.0, 74.0, 72.0, 71.0, 53.0, 86.0, 59.0, 69.0, 58.0, 68.0, 76.0, 72.0, 47.0, 73.0, 61.0, 66.0, 63.0, 12.0, 10.0, 10.0, 9.0, 13.0
24, 72, 77, Menor_que_5700, 1666, 1.0, 3.0, 2.0, 2021.0, 33.0, 74.0, 68.0, 65.0, 62.0, 62.0, 60.0, 36.0, 40.0, 68.0, 66.0, 68.0, 64.0, 69.0, 55.0, 80.0, 73.0, 68.0, 90.0, 64.0, 59.0, 29.0, 71.0, 52.0, 73.0, 65.0, 16.0, 17.0, 17.0, 16.0, 12.0, 14.0, 16.0, 9.0
20, 71, 83, Menor_que_5700, 1711, 1.0, 4.0, 4.0, 2023.0, 64.0, 68.0, 42.0, 69.0, 58.0, 74.0, 73.0, 72.0, 68.0, 74.0, 78.0, 68.0, 72.0, 66.0, 72.0, 70.0, 50.0, 54.0, 48.0, 63.0, 46.0, 22.0, 63.0, 73.0, 67.0, 71.0, 31.0, 26.0, 36.0, 9.0, 12.0, 12.0, 5.0, 6.0
29, 74, 74, Menor_que_5700, 1918, 1.0, 3.0, 3.0, 2020.0, 80.0, 58.0, 44.0, 74.0, 29.0, 71.0, 68.0, 71.0, 68.0, 72.0, 78.0, 75.0, 68.0, 79.0, 71.0, 70.0, 64.0, 77.0, 61.0, 64.0, 55.0, 72.0, 68.0, 50.0, 59.0, 65.0, 73.0, 69.0, 73.0, 9.0, 8.0, 12.0, 15.0, 13.0
23, 72, 78, Menor_que_5700, 1723, 1.0, 3.0, 3.0, 2022.0, 45.0, 76.0, 70.0, 63.0, 54.0, 64.0, 59.0, 35.0, 57.0, 72.0, 64.0, 66.0, 60.0, 63.0, 49.0, 76.0, 71.0, 80.0, 93.0, 64.0, 85.0, 26.0, 75.0, 62.0, 62.0, 73.0, 35.0, 20.0, 16.0, 10.0, 14.0, 7.0, 16.0, 14.0
20, 72, 82, Menor_que_5700, 1819, 1.0, 3.0, 3.0, 2023.0, 70.0, 43.0, 62.0, 66.0, 43.0, 71.0, 60.0, 35.0, 53.0, 70.0, 79.0, 79.0, 71.0, 68.0, 72.0, 58.0, 72.0, 76.0, 68.0, 53.0, 65.0, 69.0, 50.0, 55.0, 56.0, 64.0, 67.0, 69.0, 72.0, 11.0, 10.0, 10.0, 6.0, 10.0
22, 72, 78, Menor_que_5700, 1639, 1.0, 3.0, 3.0, 2023.0, 47.0, 78.0, 73.0, 69.0, 69.0, 70.0, 50.0, 57.0, 41.0, 72.0, 61.0, 58.0, 62.0, 69.0, 69.0, 75.0, 67.0, 56.0, 52.0, 77.0, 40.0, 16.0, 73.0, 52.0, 70.0, 64.0, 25.0, 22.0, 16.0, 9.0, 11.0, 9.0, 11.0, 13.0
20, 71, 83, Menor_que_5700, 1653, 1.0, 4.0, 3.0, 2020.0, 39.0, 73.0, 66.0, 64.0, 59.0, 69.0, 49.0, 38.0, 36.0, 73.0, 78.0, 81.0, 75.0, 72.0, 69.0, 62.0, 62.0, 76.0, 67.0, 61.0, 28.0, 34.0, 76.0, 68.0, 65.0, 72.0, 23.0, 26.0, 23.0, 7.0, 6.0, 11.0, 6.0, 11.0
32, 90, 90, Menor_que_5700, 1946, 3.0, 3.0, 2.0, 2019.0, 55.0, 42.0, 92.0, 79.0, 47.0, 53.0, 49.0, 51.0, 70.0, 76.0, 68.0, 68.0, 58.0, 85.0, 54.0, 67.0, 91.0, 66.0, 88.0, 43.0, 89.0, 88.0, 48.0, 52.0, 50.0, 82.0, 90.0, 89.0, 89.0, 6.0, 8.0, 15.0, 5.0, 15.0
31, 75, 75, Menor_que_5700, 1815, 2.0, 3.0, 2.0, 2020.0, 73.0, 29.0, 44.0, 74.0, 35.0, 73.0, 67.0, 39.0, 64.0, 76.0, 72.0, 73.0, 73.0, 76.0, 76.0, 56.0, 63.0, 69.0, 65.0, 30.0, 65.0, 75.0, 54.0, 49.0, 49.0, 73.0, 79.0, 78.0, 81.0, 12.0, 12.0, 15.0, 9.0, 10.0
32, 74, 74, Menor_que_5700, 1841, 1.0, 4.0, 3.0, 2019.0, 70.0, 72.0, 69.0, 74.0, 67.0, 74.0, 66.0, 70.0, 70.0, 71.0, 62.0, 64.0, 63.0, 75.0, 69.0, 72.0, 66.0, 72.0, 66.0, 73.0, 33.0, 53.0, 75.0, 76.0, 75.0, 72.0, 34.0, 35.0, 32.0, 6.0, 8.0, 7.0, 15.0, 7.0
29, 74, 74, Menor_que_5700, 1518, 1.0, 3.0, 2.0, 2019.0, 56.0, 23.0, 72.0, 62.0, 26.0, 39.0, 35.0, 25.0, 59.0, 59.0, 54.0, 58.0, 31.0, 67.0, 35.0, 43.0, 60.0, 52.0, 81.0, 29.0, 78.0, 78.0, 23.0, 51.0, 46.0, 67.0, 70.0, 75.0, 74.0, 12.0, 16.0, 8.0, 14.0, 7.0
32, 74, 74, Menor_que_5700, 1994, 2.0, 4.0, 3.0, 2019.0, 75.0, 67.0, 48.0, 76.0, 76.0, 76.0, 75.0, 67.0, 65.0, 77.0, 69.0, 69.0, 74.0, 77.0, 76.0, 76.0, 63.0, 65.0, 70.0, 68.0, 62.0, 60.0, 72.0, 75.0, 70.0, 82.0, 65.0, 59.0, 63.0, 14.0, 8.0, 9.0, 13.0, 15.0
28, 74, 74, Menor_que_5700, 1929, 1.0, 2.0, 3.0, 2019.0, 67.0, 49.0, 61.0, 67.0, 59.0, 67.0, 66.0, 70.0, 63.0, 70.0, 75.0, 72.0, 72.0, 75.0, 74.0, 62.0, 69.0, 91.0, 67.0, 54.0, 72.0, 75.0, 63.0, 66.0, 37.0, 73.0, 72.0, 74.0, 68.0, 16.0, 12.0, 6.0, 8.0, 10.0
28, 74, 74, Menor_que_5700, 1792, 2.0, 3.0, 2.0, 2022.0, 68.0, 32.0, 73.0, 75.0, 38.0, 62.0, 42.0, 40.0, 72.0, 71.0, 68.0, 70.0, 64.0, 75.0, 64.0, 56.0, 75.0, 76.0, 73.0, 33.0, 76.0, 74.0, 27.0, 63.0, 42.0, 74.0, 74.0, 76.0, 70.0, 13.0, 13.0, 15.0, 7.0, 15.0
23, 73, 77, Menor_que_5700, 1616, 1.0, 2.0, 2.0, 2021.0, 63.0, 24.0, 68.0, 62.0, 28.0, 58.0, 29.0, 30.0, 58.0, 62.0, 66.0, 68.0, 50.0, 66.0, 36.0, 60.0, 60.0, 69.0, 76.0, 26.0, 78.0, 74.0, 30.0, 47.0, 44.0, 65.0, 73.0, 76.0, 74.0, 11.0, 11.0, 14.0, 11.0, 14.0
23, 72, 79, Menor_que_5700, 1847, 1.0, 3.0, 3.0, 2021.0, 60.0, 76.0, 65.0, 63.0, 64.0, 70.0, 51.0, 79.0, 69.0, 70.0, 89.0, 90.0, 81.0, 62.0, 69.0, 75.0, 79.0, 76.0, 78.0, 74.0, 36.0, 35.0, 71.0, 69.0, 61.0, 73.0, 21.0, 30.0, 25.0, 14.0, 8.0, 15.0, 12.0, 10.0
33, 76, 76, Menor_que_5700, 2048, 2.0, 4.0, 4.0, 2020.0, 78.0, 60.0, 50.0, 78.0, 77.0, 82.0, 86.0, 85.0, 76.0, 82.0, 67.0, 72.0, 74.0, 75.0, 76.0, 79.0, 47.0, 70.0, 65.0, 74.0, 69.0, 60.0, 74.0, 78.0, 75.0, 78.0, 65.0, 60.0, 60.0, 11.0, 15.0, 13.0, 6.0, 9.0
31, 75, 75, Menor_que_5700, 1868, 1.0, 3.0, 3.0, 2019.0, 59.0, 48.0, 78.0, 74.0, 38.0, 69.0, 42.0, 50.0, 72.0, 73.0, 53.0, 65.0, 62.0, 69.0, 43.0, 65.0, 75.0, 74.0, 86.0, 57.0, 86.0, 74.0, 59.0, 65.0, 52.0, 72.0, 75.0, 75.0, 73.0, 15.0, 9.0, 12.0, 11.0, 10.0
32, 74, 74, Menor_que_5700, 1830, 3.0, 3.0, 3.0, 2019.0, 71.0, 74.0, 73.0, 73.0, 73.0, 72.0, 54.0, 55.0, 51.0, 73.0, 71.0, 71.0, 69.0, 73.0, 68.0, 73.0, 73.0, 72.0, 75.0, 69.0, 62.0, 26.0, 74.0, 75.0, 70.0, 72.0, 24.0, 29.0, 28.0, 12.0, 13.0, 12.0, 10.0, 12.0
25, 73, 78, Menor_que_5700, 1888, 1.0, 3.0, 3.0, 2020.0, 61.0, 50.0, 61.0, 75.0, 41.0, 63.0, 55.0, 48.0, 68.0, 73.0, 72.0, 73.0, 75.0, 67.0, 77.0, 61.0, 67.0, 79.0, 67.0, 45.0, 75.0, 73.0, 60.0, 65.0, 59.0, 65.0, 73.0, 68.0, 70.0, 10.0, 13.0, 16.0, 14.0, 14.0
27, 73, 74, Menor_que_5700, 1928, 1.0, 3.0, 2.0, 2022.0, 57.0, 64.0, 52.0, 75.0, 52.0, 62.0, 74.0, 73.0, 74.0, 67.0, 57.0, 53.0, 59.0, 73.0, 55.0, 80.0, 60.0, 75.0, 72.0, 72.0, 74.0, 73.0, 70.0, 72.0, 70.0, 70.0, 65.0, 76.0, 64.0, 10.0, 14.0, 9.0, 12.0, 13.0
18, 72, 84, Menor_que_5700, 1586, 1.0, 4.0, 2.0, 2020.0, 44.0, 26.0, 64.0, 58.0, 25.0, 45.0, 32.0, 25.0, 67.0, 54.0, 59.0, 62.0, 60.0, 68.0, 60.0, 56.0, 80.0, 73.0, 74.0, 20.0, 62.0, 73.0, 28.0, 53.0, 35.0, 74.0, 75.0, 76.0, 74.0, 14.0, 11.0, 15.0, 11.0, 7.0
20, 72, 80, Menor_que_5700, 1754, 1.0, 3.0, 3.0, 2021.0, 65.0, 66.0, 42.0, 66.0, 70.0, 77.0, 60.0, 66.0, 55.0, 73.0, 80.0, 82.0, 77.0, 64.0, 77.0, 70.0, 55.0, 66.0, 56.0, 68.0, 50.0, 26.0, 73.0, 71.0, 55.0, 65.0, 46.0, 25.0, 26.0, 15.0, 8.0, 7.0, 12.0, 5.0
33, 76, 76, Menor_que_5700, 2001, 2.0, 3.0, 4.0, 2019.0, 75.0, 73.0, 59.0, 80.0, 61.0, 74.0, 86.0, 79.0, 69.0, 77.0, 76.0, 77.0, 78.0, 74.0, 73.0, 73.0, 64.0, 78.0, 68.0, 74.0, 71.0, 42.0, 71.0, 72.0, 81.0, 72.0, 50.0, 52.0, 47.0, 8.0, 8.0, 8.0, 11.0, 12.0
27, 74, 74, Menor_que_5700, 1496, 1.0, 2.0, 2.0, 2023.0, 26.0, 21.0, 79.0, 65.0, 31.0, 44.0, 28.0, 23.0, 56.0, 51.0, 59.0, 57.0, 55.0, 77.0, 51.0, 41.0, 37.0, 62.0, 91.0, 22.0, 78.0, 74.0, 30.0, 26.0, 45.0, 70.0, 76.0, 74.0, 68.0, 15.0, 9.0, 8.0, 10.0, 7.0
23, 73, 80, Menor_que_5700, 1855, 1.0, 3.0, 3.0, 2019.0, 72.0, 35.0, 66.0, 72.0, 50.0, 68.0, 68.0, 55.0, 64.0, 70.0, 68.0, 76.0, 71.0, 70.0, 65.0, 69.0, 53.0, 77.0, 66.0, 56.0, 68.0, 70.0, 60.0, 50.0, 49.0, 68.0, 72.0, 74.0, 74.0, 15.0, 7.0, 6.0, 10.0, 9.0
20, 72, 83, Menor_que_5700, 1745, 1.0, 3.0, 3.0, 2019.0, 52.0, 26.0, 66.0, 69.0, 41.0, 69.0, 45.0, 37.0, 68.0, 70.0, 78.0, 79.0, 68.0, 69.0, 64.0, 46.0, 71.0, 72.0, 75.0, 34.0, 70.0, 68.0, 41.0, 55.0, 50.0, 67.0, 72.0, 74.0, 73.0, 5.0, 8.0, 5.0, 13.0, 12.0
30, 75, 75, Menor_que_5700, 2021, 1.0, 2.0, 3.0, 2021.0, 73.0, 48.0, 59.0, 72.0, 49.0, 75.0, 68.0, 69.0, 72.0, 76.0, 86.0, 79.0, 84.0, 73.0, 77.0, 76.0, 75.0, 82.0, 64.0, 73.0, 63.0, 72.0, 67.0, 69.0, 51.0, 74.0, 64.0, 74.0, 73.0, 15.0, 6.0, 16.0, 13.0, 8.0
25, 73, 75, Menor_que_5700, 1929, 1.0, 3.0, 3.0, 2019.0, 68.0, 72.0, 47.0, 76.0, 49.0, 77.0, 66.0, 54.0, 72.0, 77.0, 74.0, 78.0, 78.0, 67.0, 78.0, 66.0, 40.0, 71.0, 60.0, 70.0, 70.0, 65.0, 73.0, 69.0, 67.0, 70.0, 68.0, 70.0, 57.0, 12.0, 13.0, 9.0, 6.0, 10.0
23, 73, 80, Menor_que_5700, 1940, 1.0, 3.0, 3.0, 2022.0, 58.0, 51.0, 48.0, 77.0, 51.0, 70.0, 63.0, 68.0, 72.0, 72.0, 75.0, 73.0, 76.0, 75.0, 78.0, 67.0, 68.0, 81.0, 63.0, 66.0, 64.0, 71.0, 63.0, 75.0, 59.0, 79.0, 70.0, 70.0, 63.0, 12.0, 13.0, 8.0, 10.0, 10.0
25, 73, 80, Menor_que_5700, 1631, 1.0, 2.0, 2.0, 2022.0, 35.0, 39.0, 73.0, 67.0, 20.0, 64.0, 22.0, 28.0, 68.0, 65.0, 71.0, 72.0, 56.0, 66.0, 51.0, 43.0, 77.0, 72.0, 83.0, 35.0, 73.0, 70.0, 30.0, 54.0, 34.0, 71.0, 72.0, 74.0, 70.0, 10.0, 8.0, 10.0, 11.0, 8.0
26, 74, 74, Menor_que_5700, 1969, 1.0, 3.0, 2.0, 2021.0, 65.0, 54.0, 53.0, 74.0, 45.0, 61.0, 79.0, 76.0, 68.0, 66.0, 66.0, 62.0, 61.0, 68.0, 64.0, 82.0, 66.0, 83.0, 75.0, 42.0, 78.0, 74.0, 71.0, 77.0, 73.0, 66.0, 77.0, 76.0, 71.0, 13.0, 13.0, 14.0, 13.0, 9.0
25, 73, 75, Menor_que_5700, 1860, 1.0, 3.0, 3.0, 2021.0, 73.0, 66.0, 54.0, 68.0, 46.0, 76.0, 51.0, 45.0, 52.0, 67.0, 85.0, 91.0, 72.0, 64.0, 70.0, 63.0, 54.0, 87.0, 66.0, 57.0, 64.0, 67.0, 72.0, 71.0, 57.0, 59.0, 54.0, 60.0, 56.0, 13.0, 12.0, 15.0, 5.0, 7.0
21, 73, 80, Menor_que_5700, 1971, 1.0, 3.0, 3.0, 2023.0, 66.0, 54.0, 58.0, 80.0, 68.0, 77.0, 72.0, 68.0, 75.0, 81.0, 69.0, 69.0, 67.0, 70.0, 73.0, 68.0, 65.0, 69.0, 73.0, 64.0, 64.0, 67.0, 58.0, 73.0, 66.0, 76.0, 66.0, 72.0, 71.0, 9.0, 11.0, 13.0, 9.0, 6.0
33, 80, 80, Menor_que_5700, 2053, 3.0, 3.0, 3.0, 2019.0, 81.0, 54.0, 59.0, 77.0, 49.0, 75.0, 80.0, 59.0, 66.0, 78.0, 74.0, 86.0, 74.0, 82.0, 63.0, 68.0, 68.0, 80.0, 74.0, 53.0, 78.0, 76.0, 68.0, 72.0, 66.0, 74.0, 75.0, 81.0, 80.0, 11.0, 14.0, 10.0, 15.0, 7.0
30, 77, 77, Menor_que_5700, 1289, 2.0, 3.0, 1.0, 2020.0, 13.0, 10.0, 14.0, 38.0, 10.0, 25.0, 11.0, 11.0, 40.0, 26.0, 60.0, 60.0, 67.0, 70.0, 63.0, 23.0, 70.0, 40.0, 68.0, 12.0, 30.0, 25.0, 12.0, 50.0, 19.0, 50.0, 18.0, 13.0, 16.0, 78.0, 74.0, 67.0, 75.0, 81.0
30, 76, 76, Menor_que_5700, 1920, 1.0, 3.0, 3.0, 2021.0, 72.0, 51.0, 66.0, 77.0, 39.0, 77.0, 51.0, 52.0, 74.0, 71.0, 74.0, 77.0, 81.0, 75.0, 72.0, 34.0, 65.0, 80.0, 61.0, 51.0, 81.0, 71.0, 55.0, 56.0, 66.0, 73.0, 77.0, 76.0, 77.0, 15.0, 8.0, 15.0, 10.0, 13.0
30, 76, 77, Menor_que_5700, 1166, 2.0, 5.0, 1.0, 2022.0, 19.0, 13.0, 13.0, 27.0, 19.0, 20.0, 10.0, 19.0, 19.0, 33.0, 32.0, 35.0, 32.0, 70.0, 42.0, 36.0, 59.0, 29.0, 80.0, 12.0, 43.0, 22.0, 13.0, 44.0, 22.0, 56.0, 11.0, 13.0, 12.0, 72.0, 76.0, 64.0, 77.0, 78.0
28, 76, 76, Menor_que_5700, 1158, 1.0, 2.0, 1.0, 2022.0, 20.0, 11.0, 16.0, 32.0, 16.0, 11.0, 18.0, 16.0, 37.0, 18.0, 31.0, 40.0, 32.0, 73.0, 33.0, 20.0, 40.0, 37.0, 75.0, 14.0, 27.0, 20.0, 13.0, 55.0, 26.0, 45.0, 22.0, 12.0, 16.0, 76.0, 74.0, 74.0, 76.0, 77.0
30, 76, 76, Menor_que_5700, 1825, 1.0, 3.0, 2.0, 2019.0, 65.0, 40.0, 82.0, 72.0, 29.0, 62.0, 56.0, 36.0, 68.0, 65.0, 55.0, 66.0, 61.0, 71.0, 65.0, 59.0, 75.0, 76.0, 83.0, 50.0, 75.0, 74.0, 48.0, 59.0, 50.0, 69.0, 77.0, 75.0, 72.0, 11.0, 15.0, 10.0, 12.0, 11.0
28, 75, 76, Menor_que_5700, 1188, 1.0, 2.0, 1.0, 2019.0, 12.0, 12.0, 17.0, 22.0, 12.0, 18.0, 16.0, 12.0, 25.0, 11.0, 53.0, 47.0, 51.0, 76.0, 59.0, 18.0, 61.0, 34.0, 76.0, 12.0, 41.0, 15.0, 4.0, 45.0, 30.0, 59.0, 19.0, 15.0, 14.0, 80.0, 66.0, 64.0, 70.0, 81.0
31, 75, 75, Menor_que_5700, 1938, 1.0, 4.0, 3.0, 2019.0, 68.0, 63.0, 59.0, 82.0, 55.0, 67.0, 61.0, 68.0, 77.0, 77.0, 59.0, 53.0, 59.0, 75.0, 72.0, 68.0, 70.0, 72.0, 65.0, 67.0, 68.0, 66.0, 66.0, 78.0, 67.0, 76.0, 66.0, 68.0, 61.0, 16.0, 14.0, 7.0, 16.0, 8.0
26, 75, 75, Menor_que_5700, 1964, 1.0, 3.0, 3.0, 2021.0, 77.0, 48.0, 66.0, 75.0, 55.0, 66.0, 61.0, 43.0, 72.0, 67.0, 74.0, 83.0, 81.0, 73.0, 76.0, 68.0, 63.0, 73.0, 63.0, 56.0, 67.0, 75.0, 60.0, 63.0, 72.0, 68.0, 73.0, 73.0, 77.0, 15.0, 14.0, 15.0, 9.0, 11.0
26, 74, 75, Menor_que_5700, 1938, 1.0, 4.0, 3.0, 2019.0, 66.0, 24.0, 54.0, 74.0, 53.0, 66.0, 64.0, 59.0, 64.0, 68.0, 82.0, 79.0, 76.0, 70.0, 83.0, 63.0, 79.0, 94.0, 68.0, 50.0, 87.0, 74.0, 61.0, 65.0, 48.0, 75.0, 73.0, 74.0, 69.0, 13.0, 6.0, 6.0, 14.0, 12.0
29, 74, 74, Menor_que_5700, 1854, 2.0, 4.0, 3.0, 2020.0, 54.0, 76.0, 74.0, 69.0, 75.0, 72.0, 73.0, 51.0, 62.0, 71.0, 65.0, 61.0, 62.0, 75.0, 71.0, 70.0, 73.0, 69.0, 76.0, 67.0, 51.0, 46.0, 83.0, 73.0, 77.0, 73.0, 40.0, 38.0, 26.0, 8.0, 12.0, 13.0, 11.0, 10.0
28, 74, 74, Menor_que_5700, 1973, 2.0, 5.0, 3.0, 2020.0, 68.0, 64.0, 55.0, 77.0, 75.0, 75.0, 82.0, 83.0, 76.0, 77.0, 66.0, 65.0, 70.0, 65.0, 71.0, 82.0, 62.0, 58.0, 63.0, 80.0, 70.0, 60.0, 73.0, 74.0, 74.0, 70.0, 48.0, 58.0, 49.0, 8.0, 15.0, 10.0, 9.0, 11.0
29, 74, 74, Menor_que_5700, 2058, 1.0, 4.0, 3.0, 2021.0, 69.0, 57.0, 68.0, 74.0, 67.0, 71.0, 74.0, 63.0, 70.0, 74.0, 78.0, 75.0, 76.0, 71.0, 75.0, 74.0, 73.0, 91.0, 75.0, 70.0, 81.0, 72.0, 74.0, 70.0, 62.0, 73.0, 65.0, 71.0, 68.0, 9.0, 13.0, 9.0, 10.0, 9.0
26, 74, 76, Menor_que_5700, 1953, 1.0, 3.0, 3.0, 2021.0, 73.0, 48.0, 69.0, 71.0, 32.0, 74.0, 71.0, 34.0, 70.0, 73.0, 86.0, 80.0, 72.0, 74.0, 82.0, 68.0, 90.0, 76.0, 62.0, 58.0, 73.0, 72.0, 69.0, 63.0, 47.0, 62.0, 67.0, 72.0, 71.0, 10.0, 14.0, 9.0, 7.0, 16.0
30, 74, 74, Menor_que_5700, 1842, 2.0, 2.0, 3.0, 2021.0, 48.0, 74.0, 80.0, 66.0, 74.0, 68.0, 59.0, 55.0, 55.0, 72.0, 64.0, 67.0, 65.0, 71.0, 64.0, 80.0, 76.0, 63.0, 76.0, 62.0, 74.0, 48.0, 75.0, 62.0, 70.0, 74.0, 58.0, 36.0, 32.0, 7.0, 9.0, 8.0, 15.0, 9.0
20, 73, 82, Menor_que_5700, 1810, 1.0, 3.0, 3.0, 2022.0, 55.0, 48.0, 74.0, 68.0, 41.0, 71.0, 58.0, 52.0, 66.0, 73.0, 62.0, 68.0, 50.0, 55.0, 58.0, 64.0, 52.0, 82.0, 88.0, 53.0, 75.0, 68.0, 52.0, 63.0, 49.0, 75.0, 70.0, 74.0, 72.0, 9.0, 9.0, 14.0, 7.0, 10.0
21, 73, 79, Menor_que_5700, 1944, 1.0, 4.0, 3.0, 2022.0, 68.0, 74.0, 58.0, 73.0, 75.0, 71.0, 69.0, 70.0, 66.0, 73.0, 77.0, 70.0, 81.0, 70.0, 78.0, 70.0, 73.0, 80.0, 52.0, 72.0, 66.0, 48.0, 76.0, 74.0, 63.0, 73.0, 38.0, 58.0, 53.0, 8.0, 6.0, 6.0, 14.0, 14.0
22, 73, 79, Menor_que_5700, 1783, 1.0, 3.0, 3.0, 2022.0, 59.0, 73.0, 57.0, 74.0, 63.0, 72.0, 64.0, 62.0, 56.0, 70.0, 76.0, 77.0, 79.0, 71.0, 73.0, 77.0, 63.0, 68.0, 61.0, 69.0, 44.0, 28.0, 76.0, 73.0, 72.0, 63.0, 33.0, 19.0, 18.0, 14.0, 10.0, 7.0, 9.0, 16.0
23, 73, 79, Menor_que_5700, 1975, 1.0, 3.0, 3.0, 2018.0, 65.0, 70.0, 52.0, 73.0, 63.0, 74.0, 76.0, 69.0, 66.0, 74.0, 74.0, 72.0, 87.0, 72.0, 68.0, 71.0, 75.0, 84.0, 55.0, 69.0, 71.0, 59.0, 70.0, 68.0, 65.0, 65.0, 61.0, 65.0, 59.0, 6.0, 12.0, 15.0, 8.0, 7.0
20, 72, 83, Menor_que_5700, 1948, 1.0, 4.0, 3.0, 2020.0, 59.0, 58.0, 51.0, 71.0, 51.0, 66.0, 60.0, 39.0, 68.0, 70.0, 78.0, 85.0, 71.0, 71.0, 78.0, 72.0, 69.0, 92.0, 82.0, 62.0, 75.0, 73.0, 68.0, 72.0, 52.0, 78.0, 72.0, 69.0, 68.0, 10.0, 6.0, 11.0, 13.0, 6.0
30, 77, 77, Entre_5700_e_8500, 1824, 1.0, 3.0, 2.0, 2019.0, 43.0, 48.0, 77.0, 72.0, 43.0, 60.0, 32.0, 39.0, 70.0, 65.0, 63.0, 67.0, 65.0, 72.0, 65.0, 64.0, 79.0, 80.0, 84.0, 52.0, 72.0, 74.0, 32.0, 50.0, 64.0, 77.0, 74.0, 79.0, 77.0, 14.0, 11.0, 15.0, 15.0, 7.0
29, 77, 77, Entre_5700_e_8500, 2051, 1.0, 3.0, 2.0, 2021.0, 81.0, 52.0, 73.0, 75.0, 70.0, 75.0, 77.0, 46.0, 74.0, 77.0, 74.0, 70.0, 69.0, 78.0, 71.0, 72.0, 77.0, 79.0, 73.0, 68.0, 76.0, 76.0, 70.0, 75.0, 49.0, 76.0, 78.0, 77.0, 76.0, 11.0, 6.0, 6.0, 13.0, 7.0
31, 76, 76, Entre_5700_e_8500, 2054, 2.0, 3.0, 3.0, 2020.0, 68.0, 63.0, 67.0, 79.0, 67.0, 70.0, 74.0, 78.0, 78.0, 78.0, 61.0, 60.0, 67.0, 71.0, 61.0, 77.0, 68.0, 80.0, 72.0, 74.0, 71.0, 74.0, 66.0, 78.0, 75.0, 74.0, 71.0, 72.0, 72.0, 13.0, 12.0, 9.0, 13.0, 15.0
28, 75, 75, Entre_5700_e_8500, 1779, 1.0, 3.0, 3.0, 2019.0, 72.0, 71.0, 43.0, 74.0, 51.0, 75.0, 74.0, 77.0, 67.0, 77.0, 76.0, 76.0, 75.0, 69.0, 63.0, 71.0, 44.0, 72.0, 55.0, 69.0, 36.0, 60.0, 73.0, 74.0, 61.0, 67.0, 28.0, 27.0, 29.0, 13.0, 8.0, 6.0, 7.0, 6.0
30, 75, 75, Entre_5700_e_8500, 1955, 2.0, 2.0, 4.0, 2019.0, 78.0, 68.0, 64.0, 76.0, 73.0, 79.0, 78.0, 76.0, 76.0, 79.0, 62.0, 59.0, 73.0, 75.0, 56.0, 75.0, 74.0, 65.0, 73.0, 75.0, 63.0, 53.0, 72.0, 72.0, 63.0, 73.0, 35.0, 58.0, 54.0, 5.0, 11.0, 11.0, 14.0, 10.0
30, 75, 75, Entre_5700_e_8500, 1905, 2.0, 2.0, 3.0, 2020.0, 74.0, 66.0, 60.0, 76.0, 74.0, 80.0, 78.0, 65.0, 64.0, 80.0, 83.0, 77.0, 84.0, 68.0, 78.0, 70.0, 62.0, 68.0, 60.0, 66.0, 60.0, 38.0, 74.0, 71.0, 70.0, 76.0, 41.0, 32.0, 28.0, 9.0, 16.0, 8.0, 9.0, 16.0
30, 75, 75, Entre_5700_e_8500, 2070, 2.0, 3.0, 4.0, 2020.0, 80.0, 64.0, 83.0, 76.0, 61.0, 74.0, 68.0, 62.0, 71.0, 76.0, 75.0, 75.0, 68.0, 78.0, 58.0, 74.0, 78.0, 77.0, 78.0, 74.0, 71.0, 74.0, 71.0, 62.0, 52.0, 72.0, 74.0, 77.0, 75.0, 15.0, 11.0, 10.0, 14.0, 14.0
30, 75, 75, Entre_5700_e_8500, 1853, 2.0, 4.0, 3.0, 2020.0, 35.0, 74.0, 74.0, 70.0, 72.0, 67.0, 66.0, 41.0, 63.0, 69.0, 73.0, 78.0, 69.0, 76.0, 61.0, 81.0, 64.0, 73.0, 83.0, 61.0, 83.0, 47.0, 75.0, 71.0, 73.0, 76.0, 37.0, 33.0, 28.0, 14.0, 9.0, 6.0, 15.0, 12.0
28, 75, 75, Entre_5700_e_8500, 1838, 1.0, 3.0, 4.0, 2020.0, 73.0, 68.0, 38.0, 71.0, 65.0, 78.0, 76.0, 74.0, 68.0, 75.0, 78.0, 78.0, 81.0, 68.0, 73.0, 75.0, 52.0, 72.0, 67.0, 77.0, 55.0, 33.0, 69.0, 79.0, 64.0, 77.0, 33.0, 27.0, 26.0, 8.0, 9.0, 13.0, 8.0, 7.0
30, 75, 75, Entre_5700_e_8500, 1853, 1.0, 3.0, 4.0, 2020.0, 70.0, 73.0, 51.0, 68.0, 59.0, 74.0, 63.0, 53.0, 64.0, 74.0, 86.0, 88.0, 74.0, 71.0, 62.0, 71.0, 66.0, 74.0, 68.0, 64.0, 55.0, 61.0, 74.0, 70.0, 68.0, 73.0, 49.0, 60.0, 38.0, 1.0, 1.0, 1.0, 1.0, 1.0
30, 75, 75, Entre_5700_e_8500, 1861, 2.0, 1.0, 2.0, 2020.0, 66.0, 74.0, 84.0, 70.0, 74.0, 74.0, 65.0, 61.0, 57.0, 74.0, 69.0, 73.0, 69.0, 70.0, 76.0, 74.0, 79.0, 66.0, 76.0, 74.0, 52.0, 32.0, 75.0, 64.0, 75.0, 74.0, 43.0, 30.0, 16.0, 11.0, 13.0, 6.0, 7.0, 12.0
29, 75, 75, Entre_5700_e_8500, 2008, 1.0, 3.0, 3.0, 2021.0, 75.0, 75.0, 65.0, 77.0, 74.0, 71.0, 74.0, 73.0, 75.0, 74.0, 63.0, 68.0, 67.0, 75.0, 72.0, 82.0, 53.0, 92.0, 70.0, 77.0, 69.0, 50.0, 75.0, 73.0, 56.0, 77.0, 67.0, 56.0, 53.0, 14.0, 15.0, 16.0, 6.0, 6.0
28, 75, 75, Entre_5700_e_8500, 2014, 1.0, 2.0, 3.0, 2021.0, 54.0, 68.0, 81.0, 74.0, 62.0, 69.0, 52.0, 40.0, 68.0, 73.0, 67.0, 69.0, 66.0, 76.0, 62.0, 78.0, 84.0, 92.0, 79.0, 76.0, 77.0, 79.0, 72.0, 69.0, 58.0, 71.0, 73.0, 76.0, 73.0, 6.0, 9.0, 16.0, 6.0, 10.0
29, 75, 75, Entre_5700_e_8500, 1830, 1.0, 3.0, 4.0, 2023.0, 72.0, 68.0, 40.0, 72.0, 61.0, 75.0, 49.0, 45.0, 66.0, 74.0, 90.0, 88.0, 93.0, 65.0, 94.0, 69.0, 91.0, 78.0, 29.0, 67.0, 36.0, 21.0, 75.0, 72.0, 73.0, 77.0, 62.0, 20.0, 21.0, 10.0, 15.0, 15.0, 13.0, 11.0
26, 75, 77, Entre_5700_e_8500, 1964, 1.0, 3.0, 3.0, 2023.0, 59.0, 50.0, 65.0, 77.0, 58.0, 66.0, 54.0, 65.0, 71.0, 72.0, 63.0, 60.0, 67.0, 75.0, 63.0, 73.0, 71.0, 77.0, 74.0, 66.0, 82.0, 75.0, 64.0, 66.0, 77.0, 74.0, 73.0, 75.0, 73.0, 14.0, 12.0, 10.0, 12.0, 5.0
25, 74, 75, Entre_5700_e_8500, 1821, 1.0, 3.0, 4.0, 2019.0, 68.0, 68.0, 39.0, 66.0, 66.0, 83.0, 73.0, 76.0, 62.0, 76.0, 84.0, 81.0, 77.0, 68.0, 76.0, 80.0, 65.0, 71.0, 68.0, 76.0, 50.0, 23.0, 71.0, 70.0, 56.0, 71.0, 30.0, 21.0, 19.0, 11.0, 10.0, 14.0, 10.0, 13.0
20, 74, 80, Entre_5700_e_8500, 1882, 1.0, 3.0, 3.0, 2021.0, 76.0, 35.0, 65.0, 73.0, 59.0, 74.0, 73.0, 30.0, 67.0, 75.0, 81.0, 81.0, 69.0, 70.0, 74.0, 58.0, 68.0, 72.0, 67.0, 51.0, 70.0, 69.0, 66.0, 58.0, 30.0, 71.0, 73.0, 74.0, 73.0, 12.0, 12.0, 5.0, 9.0, 13.0
24, 74, 79, Entre_5700_e_8500, 1847, 1.0, 3.0, 2.0, 2021.0, 78.0, 37.0, 71.0, 68.0, 39.0, 62.0, 58.0, 37.0, 64.0, 65.0, 74.0, 79.0, 71.0, 69.0, 67.0, 56.0, 73.0, 75.0, 71.0, 51.0, 72.0, 65.0, 66.0, 61.0, 38.0, 59.0, 75.0, 76.0, 75.0, 16.0, 8.0, 11.0, 10.0, 9.0
23, 74, 80, Entre_5700_e_8500, 1813, 1.0, 3.0, 2.0, 2019.0, 59.0, 46.0, 68.0, 72.0, 45.0, 65.0, 55.0, 49.0, 63.0, 71.0, 59.0, 66.0, 60.0, 65.0, 66.0, 52.0, 71.0, 65.0, 75.0, 53.0, 78.0, 72.0, 50.0, 54.0, 54.0, 66.0, 73.0, 77.0, 74.0, 11.0, 14.0, 12.0, 7.0, 12.0
23, 74, 79, Entre_5700_e_8500, 1879, 2.0, 2.0, 3.0, 2019.0, 76.0, 48.0, 67.0, 72.0, 41.0, 75.0, 67.0, 23.0, 67.0, 75.0, 79.0, 78.0, 77.0, 74.0, 75.0, 59.0, 75.0, 68.0, 64.0, 47.0, 73.0, 71.0, 63.0, 55.0, 42.0, 69.0, 70.0, 74.0, 74.0, 12.0, 11.0, 6.0, 11.0, 10.0
23, 74, 79, Entre_5700_e_8500, 1990, 1.0, 2.0, 3.0, 2019.0, 70.0, 48.0, 64.0, 67.0, 58.0, 75.0, 71.0, 64.0, 55.0, 74.0, 86.0, 84.0, 78.0, 72.0, 67.0, 76.0, 74.0, 79.0, 67.0, 71.0, 85.0, 72.0, 66.0, 58.0, 46.0, 70.0, 70.0, 73.0, 71.0, 9.0, 9.0, 8.0, 15.0, 8.0
21, 73, 83, Entre_5700_e_8500, 1804, 1.0, 3.0, 4.0, 2022.0, 67.0, 75.0, 54.0, 75.0, 63.0, 74.0, 65.0, 44.0, 69.0, 74.0, 80.0, 82.0, 74.0, 73.0, 66.0, 73.0, 66.0, 66.0, 66.0, 67.0, 51.0, 27.0, 75.0, 76.0, 60.0, 74.0, 34.0, 31.0, 34.0, 12.0, 5.0, 13.0, 5.0, 8.0
30, 78, 78, Entre_5700_e_8500, 1945, 1.0, 4.0, 3.0, 2021.0, 79.0, 34.0, 68.0, 75.0, 40.0, 77.0, 68.0, 34.0, 61.0, 76.0, 77.0, 75.0, 77.0, 77.0, 74.0, 71.0, 72.0, 86.0, 64.0, 65.0, 74.0, 74.0, 69.0, 52.0, 41.0, 73.0, 76.0, 76.0, 77.0, 13.0, 7.0, 15.0, 7.0, 14.0
31, 77, 77, Entre_5700_e_8500, 2143, 2.0, 3.0, 3.0, 2020.0, 68.0, 65.0, 75.0, 76.0, 68.0, 75.0, 66.0, 69.0, 76.0, 75.0, 66.0, 65.0, 72.0, 79.0, 54.0, 85.0, 90.0, 87.0, 90.0, 78.0, 86.0, 78.0, 73.0, 70.0, 71.0, 75.0, 77.0, 77.0, 78.0, 14.0, 8.0, 9.0, 15.0, 8.0
31, 77, 77, Entre_5700_e_8500, 2136, 2.0, 4.0, 3.0, 2023.0, 74.0, 54.0, 58.0, 78.0, 77.0, 77.0, 74.0, 69.0, 76.0, 78.0, 78.0, 74.0, 78.0, 75.0, 81.0, 76.0, 90.0, 88.0, 67.0, 73.0, 86.0, 73.0, 73.0, 76.0, 69.0, 77.0, 69.0, 72.0, 76.0, 13.0, 11.0, 8.0, 9.0, 6.0
30, 76, 76, Entre_5700_e_8500, 1939, 1.0, 4.0, 4.0, 2019.0, 56.0, 78.0, 66.0, 68.0, 71.0, 74.0, 74.0, 72.0, 49.0, 76.0, 78.0, 74.0, 78.0, 76.0, 81.0, 74.0, 74.0, 76.0, 80.0, 63.0, 65.0, 36.0, 80.0, 70.0, 74.0, 80.0, 29.0, 40.0, 37.0, 16.0, 16.0, 15.0, 15.0, 8.0
27, 76, 78, Entre_5700_e_8500, 1745, 2.0, 4.0, 2.0, 2019.0, 53.0, 27.0, 77.0, 58.0, 44.0, 46.0, 47.0, 48.0, 56.0, 50.0, 59.0, 67.0, 62.0, 62.0, 60.0, 67.0, 86.0, 64.0, 87.0, 48.0, 89.0, 71.0, 39.0, 47.0, 48.0, 58.0, 72.0, 79.0, 79.0, 10.0, 13.0, 6.0, 10.0, 14.0
29, 76, 76, Entre_5700_e_8500, 2025, 2.0, 4.0, 3.0, 2019.0, 72.0, 73.0, 65.0, 75.0, 80.0, 80.0, 76.0, 69.0, 71.0, 78.0, 73.0, 62.0, 76.0, 73.0, 75.0, 80.0, 77.0, 72.0, 64.0, 77.0, 54.0, 59.0, 73.0, 72.0, 74.0, 69.0, 57.0, 61.0, 48.0, 11.0, 14.0, 10.0, 15.0, 9.0
29, 76, 76, Entre_5700_e_8500, 1830, 1.0, 3.0, 3.0, 2020.0, 68.0, 76.0, 82.0, 65.0, 67.0, 70.0, 56.0, 61.0, 57.0, 73.0, 73.0, 70.0, 68.0, 75.0, 62.0, 78.0, 77.0, 78.0, 77.0, 72.0, 53.0, 33.0, 78.0, 59.0, 69.0, 67.0, 26.0, 29.0, 24.0, 7.0, 16.0, 12.0, 10.0, 9.0
23, 75, 80, Entre_5700_e_8500, 1798, 1.0, 2.0, 3.0, 2021.0, 78.0, 21.0, 65.0, 66.0, 33.0, 75.0, 67.0, 21.0, 58.0, 75.0, 78.0, 91.0, 79.0, 75.0, 78.0, 53.0, 67.0, 78.0, 65.0, 42.0, 62.0, 70.0, 58.0, 51.0, 22.0, 68.0, 69.0, 74.0, 72.0, 11.0, 7.0, 9.0, 13.0, 15.0
22, 75, 80, Entre_5700_e_8500, 1708, 1.0, 3.0, 3.0, 2022.0, 77.0, 28.0, 70.0, 76.0, 23.0, 65.0, 30.0, 40.0, 45.0, 75.0, 74.0, 74.0, 69.0, 69.0, 67.0, 43.0, 58.0, 77.0, 60.0, 35.0, 62.0, 70.0, 60.0, 49.0, 38.0, 59.0, 72.0, 78.0, 77.0, 13.0, 9.0, 9.0, 7.0, 9.0
24, 74, 78, Entre_5700_e_8500, 1732, 1.0, 3.0, 3.0, 2019.0, 32.0, 77.0, 71.0, 66.0, 66.0, 72.0, 55.0, 40.0, 64.0, 72.0, 84.0, 78.0, 75.0, 67.0, 69.0, 75.0, 81.0, 71.0, 71.0, 69.0, 39.0, 21.0, 75.0, 57.0, 68.0, 68.0, 22.0, 23.0, 18.0, 12.0, 11.0, 11.0, 11.0, 9.0
19, 88, 95, Entre_5700_e_8500, 2118, 3.0, 4.0, 5.0, 2022.0, 77.0, 88.0, 77.0, 82.0, 78.0, 90.0, 77.0, 63.0, 73.0, 91.0, 96.0, 96.0, 92.0, 87.0, 83.0, 79.0, 75.0, 83.0, 71.0, 78.0, 62.0, 38.0, 88.0, 82.0, 70.0, 86.0, 34.0, 34.0, 32.0, 13.0, 5.0, 7.0, 11.0, 6.0
32, 80, 80, Entre_5700_e_8500, 1977, 2.0, 3.0, 2.0, 2020.0, 65.0, 55.0, 81.0, 74.0, 44.0, 62.0, 59.0, 51.0, 77.0, 73.0, 62.0, 63.0, 63.0, 76.0, 72.0, 65.0, 81.0, 73.0, 78.0, 61.0, 77.0, 83.0, 58.0, 63.0, 68.0, 80.0, 77.0, 84.0, 82.0, 6.0, 7.0, 12.0, 11.0, 14.0
29, 79, 79, Entre_5700_e_8500, 1172, 2.0, 3.0, 1.0, 2019.0, 11.0, 10.0, 15.0, 36.0, 12.0, 12.0, 10.0, 13.0, 32.0, 32.0, 34.0, 34.0, 44.0, 72.0, 50.0, 35.0, 75.0, 29.0, 38.0, 12.0, 20.0, 25.0, 16.0, 50.0, 26.0, 60.0, 11.0, 13.0, 12.0, 83.0, 70.0, 78.0, 77.0, 85.0
27, 78, 80, Entre_5700_e_8500, 1366, 2.0, 2.0, 1.0, 2022.0, 20.0, 14.0, 13.0, 31.0, 20.0, 16.0, 50.0, 60.0, 26.0, 24.0, 59.0, 58.0, 63.0, 75.0, 47.0, 70.0, 75.0, 36.0, 72.0, 14.0, 24.0, 15.0, 10.0, 39.0, 21.0, 68.0, 16.0, 10.0, 12.0, 83.0, 67.0, 66.0, 78.0, 82.0
26, 77, 78, Entre_5700_e_8500, 2014, 1.0, 3.0, 3.0, 2019.0, 76.0, 46.0, 63.0, 73.0, 36.0, 79.0, 65.0, 72.0, 72.0, 77.0, 78.0, 80.0, 67.0, 77.0, 70.0, 67.0, 70.0, 79.0, 72.0, 51.0, 79.0, 76.0, 76.0, 68.0, 78.0, 66.0, 73.0, 73.0, 73.0, 14.0, 6.0, 7.0, 6.0, 15.0
30, 77, 77, Entre_5700_e_8500, 2007, 2.0, 4.0, 3.0, 2020.0, 76.0, 70.0, 60.0, 76.0, 66.0, 79.0, 72.0, 57.0, 69.0, 76.0, 78.0, 79.0, 73.0, 75.0, 72.0, 69.0, 69.0, 76.0, 60.0, 58.0, 71.0, 65.0, 74.0, 73.0, 53.0, 70.0, 62.0, 75.0, 73.0, 7.0, 7.0, 10.0, 12.0, 15.0
25, 76, 80, Entre_5700_e_8500, 1774, 3.0, 3.0, 2.0, 2019.0, 49.0, 45.0, 78.0, 77.0, 37.0, 67.0, 45.0, 36.0, 68.0, 74.0, 63.0, 65.0, 68.0, 73.0, 55.0, 49.0, 70.0, 68.0, 69.0, 47.0, 64.0, 79.0, 44.0, 52.0, 50.0, 67.0, 78.0, 76.0, 79.0, 8.0, 14.0, 12.0, 7.0, 8.0
25, 76, 81, Entre_5700_e_8500, 1615, 1.0, 3.0, 2.0, 2022.0, 44.0, 28.0, 78.0, 67.0, 24.0, 42.0, 38.0, 37.0, 60.0, 60.0, 60.0, 79.0, 59.0, 71.0, 44.0, 41.0, 65.0, 79.0, 87.0, 31.0, 82.0, 68.0, 28.0, 32.0, 33.0, 68.0, 75.0, 75.0, 79.0, 8.0, 7.0, 7.0, 14.0, 13.0
25, 75, 78, Entre_5700_e_8500, 1880, 2.0, 4.0, 3.0, 2021.0, 70.0, 70.0, 57.0, 78.0, 62.0, 76.0, 73.0, 74.0, 69.0, 72.0, 84.0, 67.0, 90.0, 69.0, 90.0, 74.0, 73.0, 77.0, 27.0, 73.0, 49.0, 32.0, 68.0, 75.0, 72.0, 65.0, 32.0, 45.0, 39.0, 6.0, 6.0, 15.0, 7.0, 9.0
25, 75, 78, Entre_5700_e_8500, 1901, 1.0, 4.0, 4.0, 2022.0, 70.0, 73.0, 51.0, 72.0, 57.0, 82.0, 65.0, 56.0, 66.0, 74.0, 91.0, 88.0, 88.0, 66.0, 91.0, 81.0, 81.0, 68.0, 58.0, 69.0, 72.0, 38.0, 70.0, 64.0, 62.0, 72.0, 40.0, 35.0, 24.0, 8.0, 8.0, 10.0, 13.0, 10.0
24, 75, 83, Entre_5700_e_8500, 1535, 1.0, 2.0, 2.0, 2019.0, 33.0, 25.0, 70.0, 64.0, 35.0, 44.0, 31.0, 32.0, 38.0, 59.0, 57.0, 56.0, 49.0, 72.0, 44.0, 40.0, 71.0, 66.0, 87.0, 30.0, 88.0, 67.0, 30.0, 33.0, 40.0, 72.0, 74.0, 76.0, 73.0, 11.0, 9.0, 10.0, 13.0, 8.0
22, 74, 82, Entre_5700_e_8500, 1846, 1.0, 4.0, 4.0, 2023.0, 72.0, 68.0, 49.0, 73.0, 40.0, 74.0, 60.0, 69.0, 71.0, 74.0, 78.0, 83.0, 90.0, 70.0, 84.0, 57.0, 73.0, 63.0, 56.0, 68.0, 40.0, 24.0, 67.0, 77.0, 70.0, 74.0, 44.0, 46.0, 50.0, 10.0, 14.0, 6.0, 10.0, 16.0
30, 79, 79, Entre_8500_e_11500, 2099, 1.0, 3.0, 2.0, 2021.0, 52.0, 68.0, 83.0, 78.0, 67.0, 72.0, 64.0, 68.0, 72.0, 74.0, 62.0, 78.0, 67.0, 75.0, 69.0, 75.0, 71.0, 87.0, 82.0, 70.0, 84.0, 72.0, 67.0, 72.0, 72.0, 76.0, 82.0, 84.0, 77.0, 15.0, 7.0, 16.0, 9.0, 8.0
29, 79, 79, Entre_8500_e_11500, 2168, 2.0, 3.0, 4.0, 2021.0, 78.0, 55.0, 68.0, 81.0, 76.0, 82.0, 72.0, 68.0, 79.0, 81.0, 77.0, 77.0, 85.0, 78.0, 83.0, 84.0, 78.0, 76.0, 75.0, 78.0, 82.0, 78.0, 78.0, 76.0, 64.0, 76.0, 80.0, 78.0, 80.0, 5.0, 4.0, 3.0, 4.0, 5.0
23, 76, 83, Entre_8500_e_11500, 1759, 1.0, 3.0, 2.0, 2022.0, 58.0, 42.0, 73.0, 72.0, 35.0, 67.0, 35.0, 29.0, 66.0, 69.0, 69.0, 71.0, 66.0, 73.0, 62.0, 51.0, 76.0, 69.0, 79.0, 36.0, 71.0, 76.0, 36.0, 51.0, 39.0, 76.0, 74.0, 77.0, 75.0, 7.0, 10.0, 15.0, 15.0, 15.0
22, 76, 83, Entre_8500_e_11500, 1649, 1.0, 3.0, 2.0, 2022.0, 39.0, 23.0, 76.0, 72.0, 30.0, 52.0, 31.0, 24.0, 73.0, 66.0, 61.0, 58.0, 55.0, 75.0, 64.0, 45.0, 80.0, 67.0, 76.0, 31.0, 67.0, 76.0, 37.0, 47.0, 37.0, 73.0, 80.0, 75.0, 73.0, 15.0, 7.0, 15.0, 11.0, 11.0
25, 76, 79, Entre_8500_e_11500, 1885, 1.0, 4.0, 4.0, 2023.0, 61.0, 70.0, 60.0, 76.0, 68.0, 82.0, 76.0, 57.0, 70.0, 82.0, 74.0, 66.0, 74.0, 64.0, 75.0, 82.0, 52.0, 55.0, 77.0, 80.0, 48.0, 38.0, 75.0, 73.0, 56.0, 83.0, 46.0, 48.0, 41.0, 12.0, 11.0, 13.0, 12.0, 11.0
21, 76, 84, Entre_8500_e_11500, 1952, 2.0, 4.0, 4.0, 2023.0, 79.0, 50.0, 59.0, 77.0, 53.0, 78.0, 73.0, 49.0, 66.0, 77.0, 78.0, 78.0, 76.0, 79.0, 71.0, 62.0, 65.0, 75.0, 68.0, 46.0, 61.0, 76.0, 62.0, 66.0, 59.0, 74.0, 69.0, 74.0, 70.0, 8.0, 9.0, 13.0, 12.0, 14.0
27, 79, 79, Entre_8500_e_11500, 2108, 2.0, 3.0, 4.0, 2019.0, 77.0, 53.0, 64.0, 77.0, 59.0, 80.0, 77.0, 51.0, 70.0, 78.0, 84.0, 78.0, 79.0, 80.0, 83.0, 72.0, 82.0, 82.0, 73.0, 62.0, 85.0, 79.0, 79.0, 72.0, 58.0, 76.0, 73.0, 77.0, 77.0, 14.0, 7.0, 6.0, 12.0, 8.0
27, 79, 79, Entre_8500_e_11500, 1923, 2.0, 4.0, 2.0, 2020.0, 45.0, 50.0, 72.0, 77.0, 40.0, 66.0, 42.0, 43.0, 79.0, 76.0, 65.0, 63.0, 67.0, 78.0, 65.0, 65.0, 73.0, 76.0, 76.0, 62.0, 78.0, 81.0, 60.0, 74.0, 50.0, 80.0, 83.0, 80.0, 75.0, 8.0, 13.0, 11.0, 15.0, 15.0
26, 78, 80, Entre_8500_e_11500, 1719, 2.0, 3.0, 2.0, 2020.0, 44.0, 24.0, 88.0, 54.0, 44.0, 40.0, 40.0, 43.0, 50.0, 52.0, 60.0, 59.0, 53.0, 69.0, 60.0, 68.0, 91.0, 61.0, 90.0, 58.0, 92.0, 64.0, 35.0, 44.0, 46.0, 60.0, 77.0, 81.0, 80.0, 11.0, 10.0, 12.0, 9.0, 10.0
28, 78, 78, Entre_8500_e_11500, 1738, 1.0, 3.0, 3.0, 2021.0, 48.0, 81.0, 83.0, 64.0, 75.0, 74.0, 46.0, 34.0, 45.0, 76.0, 58.0, 54.0, 53.0, 75.0, 39.0, 84.0, 74.0, 82.0, 83.0, 75.0, 80.0, 25.0, 80.0, 53.0, 75.0, 68.0, 23.0, 22.0, 27.0, 15.0, 7.0, 12.0, 7.0, 9.0
26, 78, 81, Entre_8500_e_11500, 2068, 1.0, 4.0, 3.0, 2022.0, 77.0, 56.0, 61.0, 71.0, 52.0, 74.0, 55.0, 58.0, 56.0, 76.0, 82.0, 86.0, 75.0, 73.0, 86.0, 81.0, 77.0, 92.0, 80.0, 62.0, 86.0, 71.0, 76.0, 72.0, 54.0, 69.0, 68.0, 75.0, 82.0, 12.0, 13.0, 6.0, 12.0, 11.0
26, 77, 78, Entre_8500_e_11500, 1845, 2.0, 3.0, 3.0, 2021.0, 70.0, 79.0, 66.0, 72.0, 72.0, 77.0, 78.0, 77.0, 64.0, 79.0, 67.0, 70.0, 70.0, 74.0, 56.0, 82.0, 74.0, 63.0, 71.0, 77.0, 57.0, 18.0, 79.0, 72.0, 72.0, 71.0, 21.0, 24.0, 20.0, 12.0, 11.0, 11.0, 5.0, 5.0
23, 77, 84, Entre_8500_e_11500, 1994, 1.0, 4.0, 3.0, 2022.0, 81.0, 51.0, 55.0, 79.0, 76.0, 76.0, 68.0, 56.0, 77.0, 78.0, 71.0, 68.0, 69.0, 70.0, 72.0, 72.0, 59.0, 74.0, 65.0, 69.0, 60.0, 75.0, 69.0, 64.0, 46.0, 70.0, 78.0, 80.0, 82.0, 13.0, 8.0, 8.0, 9.0, 16.0
24, 77, 83, Entre_8500_e_11500, 1763, 1.0, 3.0, 2.0, 2022.0, 55.0, 39.0, 76.0, 76.0, 31.0, 58.0, 30.0, 35.0, 72.0, 73.0, 65.0, 63.0, 65.0, 76.0, 64.0, 45.0, 79.0, 72.0, 72.0, 37.0, 75.0, 80.0, 43.0, 51.0, 53.0, 69.0, 76.0, 77.0, 78.0, 8.0, 12.0, 11.0, 9.0, 7.0
27, 77, 78, Entre_8500_e_11500, 1773, 2.0, 4.0, 3.0, 2022.0, 31.0, 77.0, 74.0, 63.0, 78.0, 69.0, 49.0, 58.0, 37.0, 73.0, 66.0, 84.0, 54.0, 72.0, 53.0, 83.0, 64.0, 62.0, 90.0, 65.0, 80.0, 29.0, 78.0, 58.0, 76.0, 71.0, 30.0, 45.0, 19.0, 13.0, 6.0, 15.0, 7.0, 15.0
21, 77, 83, Entre_8500_e_11500, 1692, 1.0, 3.0, 2.0, 2023.0, 30.0, 22.0, 78.0, 74.0, 33.0, 55.0, 34.0, 33.0, 62.0, 69.0, 69.0, 68.0, 67.0, 76.0, 74.0, 48.0, 81.0, 67.0, 72.0, 27.0, 75.0, 79.0, 25.0, 38.0, 51.0, 63.0, 76.0, 78.0, 77.0, 15.0, 12.0, 11.0, 8.0, 8.0
23, 76, 81, Entre_8500_e_11500, 1942, 1.0, 3.0, 4.0, 2020.0, 66.0, 65.0, 45.0, 74.0, 54.0, 79.0, 59.0, 47.0, 64.0, 78.0, 90.0, 88.0, 89.0, 70.0, 83.0, 75.0, 62.0, 72.0, 69.0, 71.0, 74.0, 66.0, 70.0, 72.0, 53.0, 75.0, 50.0, 60.0, 54.0, 6.0, 9.0, 15.0, 6.0, 7.0
27, 79, 80, Entre_8500_e_11500, 2066, 2.0, 3.0, 3.0, 2022.0, 79.0, 27.0, 60.0, 76.0, 53.0, 79.0, 68.0, 66.0, 72.0, 76.0, 88.0, 83.0, 88.0, 78.0, 89.0, 69.0, 92.0, 91.0, 54.0, 73.0, 73.0, 77.0, 59.0, 64.0, 60.0, 73.0, 71.0, 76.0, 76.0, 13.0, 5.0, 9.0, 8.0, 14.0
22, 77, 82, Entre_8500_e_11500, 1855, 2.0, 3.0, 3.0, 2021.0, 68.0, 58.0, 61.0, 81.0, 53.0, 76.0, 47.0, 68.0, 77.0, 81.0, 55.0, 55.0, 68.0, 78.0, 64.0, 65.0, 48.0, 69.0, 68.0, 55.0, 49.0, 73.0, 70.0, 78.0, 50.0, 80.0, 68.0, 69.0, 50.0, 13.0, 12.0, 7.0, 14.0, 7.0
26, 80, 80, Maior_que_11500, 2265, 2.0, 3.0, 4.0, 2023.0, 87.0, 65.0, 63.0, 78.0, 68.0, 85.0, 87.0, 78.0, 76.0, 82.0, 79.0, 75.0, 84.0, 76.0, 86.0, 83.0, 69.0, 90.0, 84.0, 84.0, 88.0, 76.0, 75.0, 78.0, 74.0, 86.0, 78.0, 80.0, 75.0, 8.0, 14.0, 13.0, 13.0, 14.0
29, 79, 79, Maior_que_11500, 1917, 2.0, 4.0, 4.0, 2021.0, 41.0, 82.0, 76.0, 72.0, 81.0, 77.0, 73.0, 64.0, 34.0, 78.0, 76.0, 75.0, 81.0, 77.0, 75.0, 78.0, 77.0, 73.0, 68.0, 79.0, 71.0, 35.0, 80.0, 61.0, 75.0, 78.0, 55.0, 33.0, 21.0, 9.0, 8.0, 9.0, 11.0, 12.0
25, 78, 79, Maior_que_11500, 1854, 1.0, 4.0, 3.0, 2022.0, 63.0, 81.0, 80.0, 67.0, 71.0, 70.0, 69.0, 69.0, 48.0, 74.0, 65.0, 65.0, 66.0, 77.0, 52.0, 79.0, 69.0, 73.0, 83.0, 72.0, 67.0, 24.0, 82.0, 61.0, 77.0, 72.0, 47.0, 30.0, 17.0, 15.0, 9.0, 10.0, 13.0, 9.0
21, 78, 85, Maior_que_11500, 1976, 1.0, 3.0, 3.0, 2024.0, 76.0, 43.0, 64.0, 73.0, 42.0, 76.0, 67.0, 64.0, 68.0, 77.0, 81.0, 82.0, 70.0, 75.0, 71.0, 69.0, 77.0, 84.0, 68.0, 38.0, 68.0, 74.0, 74.0, 66.0, 52.0, 68.0, 74.0, 76.0, 79.0, 10.0, 7.0, 14.0, 7.0, 10.0
22, 77, 83, Maior_que_11500, 1883, 2.0, 2.0, 4.0, 2019.0, 65.0, 78.0, 75.0, 77.0, 75.0, 81.0, 70.0, 67.0, 58.0, 80.0, 78.0, 80.0, 78.0, 71.0, 78.0, 76.0, 63.0, 69.0, 63.0, 77.0, 48.0, 22.0, 77.0, 71.0, 66.0, 76.0, 38.0, 24.0, 22.0, 9.0, 12.0, 6.0, 13.0, 16.0
23, 78, 83, Maior_que_11500, 1977, 3.0, 4.0, 3.0, 2021.0, 73.0, 70.0, 52.0, 81.0, 60.0, 83.0, 77.0, 64.0, 78.0, 82.0, 72.0, 65.0, 78.0, 78.0, 78.0, 65.0, 62.0, 71.0, 38.0, 69.0, 58.0, 67.0, 76.0, 80.0, 64.0, 82.0, 66.0, 66.0, 62.0, 7.0, 7.0, 14.0, 6.0, 8.0
24, 78, 83, Maior_que_11500, 2072, 2.0, 3.0, 3.0, 2022.0, 72.0, 55.0, 68.0, 82.0, 68.0, 81.0, 72.0, 68.0, 77.0, 82.0, 76.0, 77.0, 71.0, 73.0, 74.0, 83.0, 46.0, 75.0, 73.0, 78.0, 70.0, 72.0, 68.0, 74.0, 68.0, 70.0, 70.0, 73.0, 66.0, 12.0, 9.0, 15.0, 8.0, 16.0
27, 79, 80, Maior_que_11500, 1892, 1.0, 4.0, 4.0, 2021.0, 45.0, 74.0, 83.0, 67.0, 75.0, 80.0, 66.0, 54.0, 44.0, 81.0, 80.0, 81.0, 64.0, 80.0, 61.0, 79.0, 92.0, 68.0, 83.0, 64.0, 76.0, 29.0, 78.0, 75.0, 75.0, 72.0, 36.0, 19.0, 24.0, 8.0, 11.0, 16.0, 10.0, 14.0
21, 79, 84, Maior_que_11500, 1949, 2.0, 3.0, 3.0, 2023.0, 60.0, 42.0, 76.0, 76.0, 43.0, 69.0, 36.0, 45.0, 73.0, 73.0, 69.0, 69.0, 64.0, 76.0, 68.0, 73.0, 81.0, 85.0, 82.0, 54.0, 85.0, 82.0, 51.0, 67.0, 48.0, 71.0, 77.0, 82.0, 76.0, 11.0, 15.0, 16.0, 10.0, 15.0
33, 85, 85, Maior_que_11500, 1879, 3.0, 3.0, 2.0, 2020.0, 48.0, 43.0, 80.0, 70.0, 51.0, 67.0, 32.0, 39.0, 69.0, 73.0, 66.0, 69.0, 61.0, 81.0, 57.0, 70.0, 82.0, 65.0, 79.0, 41.0, 83.0, 85.0, 43.0, 58.0, 49.0, 81.0, 90.0, 90.0, 85.0, 12.0, 6.0, 10.0, 13.0, 12.0
31, 81, 81, Maior_que_11500, 1980, 2.0, 3.0, 4.0, 2020.0, 91.0, 76.0, 36.0, 83.0, 68.0, 84.0, 87.0, 85.0, 85.0, 85.0, 63.0, 63.0, 68.0, 76.0, 73.0, 84.0, 39.0, 65.0, 63.0, 80.0, 55.0, 43.0, 79.0, 82.0, 71.0, 71.0, 50.0, 46.0, 36.0, 11.0, 12.0, 10.0, 15.0, 16.0
24, 79, 81, Maior_que_11500, 1978, 1.0, 3.0, 4.0, 2023.0, 70.0, 74.0, 65.0, 75.0, 68.0, 81.0, 63.0, 65.0, 69.0, 80.0, 85.0, 81.0, 78.0, 79.0, 81.0, 70.0, 72.0, 77.0, 72.0, 71.0, 74.0, 32.0, 80.0, 75.0, 63.0, 76.0, 54.0, 34.0, 33.0, 15.0, 11.0, 13.0, 6.0, 12.0
21, 77, 89, Maior_que_11500, 2031, 2.0, 3.0, 3.0, 2022.0, 72.0, 63.0, 40.0, 79.0, 53.0, 80.0, 73.0, 67.0, 78.0, 77.0, 79.0, 77.0, 76.0, 74.0, 80.0, 65.0, 59.0, 82.0, 61.0, 65.0, 82.0, 75.0, 65.0, 74.0, 73.0, 74.0, 68.0, 72.0, 68.0, 11.0, 5.0, 13.0, 14.0, 11.0
26, 80, 81, Maior_que_11500, 1933, 2.0, 4.0, 4.0, 2019.0, 72.0, 69.0, 48.0, 78.0, 74.0, 87.0, 80.0, 83.0, 71.0, 86.0, 82.0, 76.0, 81.0, 74.0, 79.0, 76.0, 63.0, 60.0, 58.0, 78.0, 44.0, 32.0, 75.0, 78.0, 75.0, 75.0, 39.0, 35.0, 35.0, 6.0, 14.0, 7.0, 6.0, 12.0
17, 77, 92, Maior_que_11500, 1849, 1.0, 4.0, 5.0, 2025.0, 65.0, 70.0, 50.0, 70.0, 71.0, 81.0, 77.0, 62.0, 48.0, 80.0, 92.0, 94.0, 90.0, 70.0, 82.0, 74.0, 74.0, 79.0, 59.0, 68.0, 48.0, 26.0, 74.0, 69.0, 65.0, 75.0, 32.0, 25.0, 18.0, 5.0, 7.0, 7.0, 7.0, 10.0
25, 81, 81, Maior_que_11500, 2053, 2.0, 5.0, 4.0, 2023.0, 82.0, 67.0, 42.0, 82.0, 74.0, 84.0, 84.0, 84.0, 76.0, 86.0, 88.0, 86.0, 92.0, 78.0, 90.0, 81.0, 51.0, 75.0, 48.0, 77.0, 48.0, 36.0, 76.0, 82.0, 68.0, 78.0, 55.0, 48.0, 60.0, 12.0, 10.0, 7.0, 15.0, 9.0
24, 80, 84, Maior_que_11500, 1988, 1.0, 2.0, 4.0, 2019.0, 71.0, 74.0, 43.0, 79.0, 75.0, 81.0, 74.0, 70.0, 70.0, 79.0, 90.0, 89.0, 86.0, 79.0, 64.0, 78.0, 46.0, 85.0, 52.0, 73.0, 65.0, 50.0, 74.0, 79.0, 64.0, 76.0, 43.0, 53.0, 49.0, 6.0, 9.0, 13.0, 13.0, 12.0
24, 80, 85, Maior_que_11500, 2065, 3.0, 4.0, 4.0, 2019.0, 61.0, 65.0, 69.0, 82.0, 63.0, 80.0, 82.0, 67.0, 81.0, 78.0, 68.0, 62.0, 67.0, 77.0, 64.0, 80.0, 58.0, 76.0, 86.0, 71.0, 81.0, 74.0, 74.0, 81.0, 55.0, 78.0, 75.0, 75.0, 64.0, 12.0, 9.0, 6.0, 14.0, 8.0
22, 81, 87, Maior_que_11500, 2137, 3.0, 2.0, 3.0, 2021.0, 83.0, 50.0, 65.0, 79.0, 58.0, 83.0, 85.0, 82.0, 78.0, 82.0, 85.0, 83.0, 85.0, 79.0, 86.0, 78.0, 64.0, 83.0, 63.0, 72.0, 68.0, 80.0, 75.0, 60.0, 51.0, 77.0, 73.0, 78.0, 79.0, 7.0, 13.0, 10.0, 7.0, 13.0
32, 85, 85, Maior_que_11500, 2145, 3.0, 3.0, 3.0, 2019.0, 86.0, 59.0, 72.0, 80.0, 56.0, 77.0, 74.0, 75.0, 77.0, 83.0, 76.0, 75.0, 75.0, 85.0, 62.0, 71.0, 71.0, 89.0, 74.0, 60.0, 81.0, 84.0, 71.0, 70.0, 65.0, 88.0, 78.0, 84.0, 86.0, 11.0, 15.0, 9.0, 9.0, 5.0
26, 82, 83, Maior_que_11500, 2211, 2.0, 4.0, 3.0, 2022.0, 67.0, 72.0, 83.0, 79.0, 66.0, 73.0, 71.0, 68.0, 77.0, 77.0, 76.0, 78.0, 73.0, 81.0, 74.0, 78.0, 91.0, 90.0, 79.0, 74.0, 84.0, 85.0, 75.0, 77.0, 60.0, 81.0, 80.0, 82.0, 81.0, 8.0, 12.0, 11.0, 14.0, 15.0
29, 82, 82, Maior_que_11500, 2050, 3.0, 4.0, 4.0, 2022.0, 77.0, 73.0, 61.0, 86.0, 78.0, 87.0, 83.0, 69.0, 83.0, 86.0, 69.0, 69.0, 79.0, 78.0, 63.0, 78.0, 49.0, 62.0, 64.0, 76.0, 65.0, 69.0, 78.0, 87.0, 75.0, 80.0, 45.0, 59.0, 51.0, 14.0, 9.0, 6.0, 10.0, 12.0
26, 82, 84, Maior_que_11500, 1914, 3.0, 3.0, 2.0, 2021.0, 53.0, 58.0, 81.0, 77.0, 51.0, 53.0, 55.0, 47.0, 69.0, 70.0, 58.0, 65.0, 63.0, 82.0, 67.0, 66.0, 83.0, 68.0, 78.0, 52.0, 82.0, 82.0, 50.0, 55.0, 54.0, 73.0, 80.0, 82.0, 82.0, 11.0, 9.0, 15.0, 10.0, 6.0
25, 82, 84, Maior_que_11500, 1843, 2.0, 3.0, 2.0, 2022.0, 68.0, 27.0, 80.0, 75.0, 34.0, 59.0, 35.0, 56.0, 72.0, 69.0, 67.0, 78.0, 59.0, 82.0, 50.0, 70.0, 73.0, 60.0, 82.0, 41.0, 88.0, 80.0, 33.0, 57.0, 40.0, 72.0, 82.0, 85.0, 82.0, 14.0, 15.0, 10.0, 12.0, 8.0
24, 81, 84, Maior_que_11500, 1983, 2.0, 4.0, 4.0, 2019.0, 79.0, 74.0, 40.0, 78.0, 73.0, 84.0, 77.0, 75.0, 74.0, 83.0, 85.0, 84.0, 90.0, 79.0, 82.0, 78.0, 50.0, 79.0, 45.0, 82.0, 63.0, 38.0, 77.0, 75.0, 70.0, 79.0, 63.0, 29.0, 29.0, 11.0, 12.0, 6.0, 8.0, 11.0
23, 82, 89, Maior_que_11500, 1750, 2.0, 3.0, 2.0, 2022.0, 36.0, 30.0, 76.0, 70.0, 28.0, 65.0, 36.0, 24.0, 69.0, 69.0, 63.0, 69.0, 60.0, 78.0, 53.0, 64.0, 78.0, 75.0, 81.0, 46.0, 84.0, 85.0, 31.0, 40.0, 34.0, 76.0, 88.0, 85.0, 81.0, 9.0, 14.0, 12.0, 8.0, 9.0
25, 82, 84, Maior_que_11500, 2180, 1.0, 4.0, 4.0, 2023.0, 67.0, 74.0, 55.0, 85.0, 70.0, 79.0, 70.0, 72.0, 80.0, 86.0, 77.0, 79.0, 84.0, 82.0, 87.0, 76.0, 83.0, 87.0, 61.0, 76.0, 73.0, 80.0, 69.0, 76.0, 65.0, 82.0, 76.0, 78.0, 69.0, 7.0, 16.0, 15.0, 11.0, 15.0
21, 82, 89, Maior_que_11500, 1984, 2.0, 4.0, 4.0, 2023.0, 79.0, 75.0, 57.0, 82.0, 71.0, 85.0, 77.0, 81.0, 73.0, 85.0, 87.0, 82.0, 92.0, 80.0, 84.0, 85.0, 58.0, 74.0, 64.0, 85.0, 53.0, 26.0, 79.0, 83.0, 68.0, 78.0, 21.0, 28.0, 17.0, 8.0, 14.0, 15.0, 7.0, 9.0
30, 85, 85, Maior_que_11500, 2278, 3.0, 3.0, 3.0, 2022.0, 73.0, 75.0, 59.0, 84.0, 75.0, 80.0, 73.0, 68.0, 81.0, 85.0, 78.0, 73.0, 76.0, 87.0, 82.0, 84.0, 76.0, 93.0, 77.0, 86.0, 88.0, 86.0, 86.0, 76.0, 63.0, 84.0, 83.0, 86.0, 90.0, 11.0, 11.0, 14.0, 8.0, 11.0
23, 84, 88, Maior_que_11500, 2223, 2.0, 3.0, 4.0, 2023.0, 84.0, 73.0, 58.0, 85.0, 84.0, 83.0, 85.0, 81.0, 82.0, 85.0, 79.0, 76.0, 77.0, 84.0, 78.0, 87.0, 72.0, 89.0, 67.0, 88.0, 65.0, 70.0, 79.0, 86.0, 81.0, 83.0, 63.0, 66.0, 53.0, 12.0, 14.0, 15.0, 8.0, 14.0
23, 85, 90, Maior_que_11500, 2206, 2.0, 4.0, 4.0, 2023.0, 64.0, 80.0, 86.0, 85.0, 74.0, 86.0, 78.0, 75.0, 85.0, 87.0, 68.0, 70.0, 66.0, 80.0, 59.0, 83.0, 85.0, 85.0, 88.0, 80.0, 73.0, 78.0, 79.0, 85.0, 56.0, 82.0, 75.0, 77.0, 72.0, 7.0, 10.0, 7.0, 16.0, 7.0
25, 87, 90, Maior_que_11500, 1940, 3.0, 4.0, 3.0, 2021.0, 46.0, 91.0, 91.0, 73.0, 85.0, 77.0, 58.0, 45.0, 54.0, 81.0, 77.0, 78.0, 76.0, 88.0, 76.0, 84.0, 94.0, 72.0, 76.0, 70.0, 56.0, 22.0, 92.0, 64.0, 82.0, 85.0, 45.0, 24.0, 20.0, 13.0, 9.0, 5.0, 7.0, 9.0
