@relation fifa_final
@attribute Age integer [17, 37]
@attribute Overall integer [71, 94]
@attribute Potential integer [73, 95]
@attribute Value {Menor_que_5700, Entre_5700_e_8500, Entre_8500_e_11500, Maior_que_11500}
@attribute Special integer [1043, 2346]
@attribute InternationalReputation real [1.0, 5.0]
@attribute WeakFoot real [1.0, 5.0]
@attribute SkillMoves real [1.0, 5.0]
@attribute ContractValidUntil real [2018.0, 2026.0]
@attribute Crossing real [9.0, 93.0]
@attribute Finishing real [5.0, 95.0]
@attribute HeadingAccuracy real [8.0, 93.0]
@attribute ShortPassing real [13.0, 93.0]
@attribute Volleys real [5.0, 90.0]
@attribute Dribbling real [8.0, 97.0]
@attribute Curve real [9.0, 94.0]
@attribute FKAccuracy real [7.0, 94.0]
@attribute LongPassing real [12.0, 93.0]
@attribute BallControl real [11.0, 96.0]
@attribute Acceleration real [29.0, 97.0]
@attribute SprintSpeed real [26.0, 96.0]
@attribute Agility real [21.0, 96.0]
@attribute Reactions real [51.0, 96.0]
@attribute Balance real [22.0, 96.0]
@attribute ShotPower real [12.0, 95.0]
@attribute Jumping real [30.0, 95.0]
@attribute Stamina real [20.0, 96.0]
@attribute Strength real [27.0, 95.0]
@attribute LongShots real [6.0, 94.0]
@attribute Aggression real [11.0, 94.0]
@attribute Interceptions real [7.0, 92.0]
@attribute Positioning real [4.0, 95.0]
@attribute Vision real [11.0, 94.0]
@attribute Penalties real [10.0, 92.0]
@attribute Composure real [25.0, 96.0]
@attribute Marking real [9.0, 94.0]
@attribute StandingTackle real [7.0, 92.0]
@attribute SlidingTackle real [8.0, 91.0]
@attribute GKDiving real [1.0, 90.0]
@attribute GKHandling real [1.0, 92.0]
@attribute GKKicking real [1.0, 91.0]
@attribute GKPositioning real [1.0, 88.0]
@attribute GKReflexes real [1.0, 94.0]
@inputs Age, Overall, Potential, Special, InternationalReputation, WeakFoot, SkillMoves, ContractValidUntil, Crossing, Finishing, HeadingAccuracy, ShortPassing, Volleys, Dribbling, Curve, FKAccuracy, LongPassing, BallControl, Acceleration, SprintSpeed, Agility, Reactions, Balance, ShotPower, Jumping, Stamina, Strength, LongShots, Aggression, Interceptions, Positioning, Vision, Penalties, Composure, Marking, StandingTackle, SlidingTackle, GKDiving, GKHandling, GKKicking, GKPositioning, GKReflexes
@outputs Value
@data
25, 73, 76, Menor_que_5700, 1972, 1.0, 2.0, 3.0, 2021.0, 69.0, 60.0, 64.0, 71.0, 64.0, 73.0, 62.0, 34.0, 55.0, 66.0, 83.0, 89.0, 78.0, 71.0, 77.0, 75.0, 75.0, 78.0, 75.0, 56.0, 70.0, 68.0, 73.0, 67.0, 67.0, 63.0, 68.0, 70.0, 71.0, 9.0, 7.0, 8.0, 10.0, 9.0
25, 73, 76, Menor_que_5700, 1801, 1.0, 3.0, 3.0, 2021.0, 72.0, 29.0, 64.0, 68.0, 30.0, 73.0, 46.0, 40.0, 61.0, 72.0, 77.0, 85.0, 73.0, 69.0, 74.0, 37.0, 79.0, 77.0, 65.0, 35.0, 77.0, 69.0, 66.0, 57.0, 45.0, 62.0, 70.0, 70.0, 69.0, 7.0, 11.0, 8.0, 14.0, 12.0
25, 72, 76, Menor_que_5700, 1651, 1.0, 4.0, 2.0, 2019.0, 32.0, 75.0, 77.0, 61.0, 61.0, 67.0, 64.0, 68.0, 45.0, 73.0, 52.0, 51.0, 52.0, 71.0, 51.0, 73.0, 70.0, 55.0, 90.0, 58.0, 60.0, 26.0, 72.0, 61.0, 62.0, 68.0, 25.0, 26.0, 22.0, 15.0, 6.0, 13.0, 7.0, 10.0
24, 72, 77, Menor_que_5700, 1838, 1.0, 4.0, 3.0, 2023.0, 52.0, 57.0, 59.0, 76.0, 48.0, 63.0, 39.0, 48.0, 74.0, 66.0, 67.0, 64.0, 67.0, 69.0, 73.0, 75.0, 71.0, 84.0, 62.0, 74.0, 69.0, 59.0, 73.0, 76.0, 47.0, 66.0, 63.0, 53.0, 46.0, 15.0, 13.0, 16.0, 6.0, 14.0
20, 71, 82, Menor_que_5700, 1809, 1.0, 3.0, 3.0, 2019.0, 67.0, 71.0, 57.0, 64.0, 57.0, 77.0, 64.0, 59.0, 59.0, 72.0, 88.0, 85.0, 89.0, 63.0, 80.0, 65.0, 90.0, 68.0, 58.0, 63.0, 64.0, 33.0, 61.0, 56.0, 45.0, 63.0, 32.0, 37.0, 31.0, 12.0, 9.0, 9.0, 14.0, 10.0
26, 73, 76, Menor_que_5700, 1628, 1.0, 3.0, 2.0, 2020.0, 35.0, 41.0, 71.0, 65.0, 25.0, 59.0, 30.0, 40.0, 67.0, 65.0, 66.0, 67.0, 61.0, 66.0, 58.0, 35.0, 70.0, 63.0, 73.0, 23.0, 72.0, 78.0, 47.0, 42.0, 33.0, 70.0, 72.0, 72.0, 73.0, 9.0, 14.0, 11.0, 15.0, 10.0
23, 72, 77, Menor_que_5700, 1941, 1.0, 3.0, 3.0, 2020.0, 66.0, 66.0, 46.0, 66.0, 61.0, 74.0, 70.0, 47.0, 63.0, 70.0, 84.0, 83.0, 81.0, 65.0, 79.0, 71.0, 74.0, 84.0, 53.0, 64.0, 74.0, 51.0, 68.0, 70.0, 66.0, 65.0, 60.0, 66.0, 57.0, 16.0, 10.0, 9.0, 13.0, 14.0
25, 72, 77, Menor_que_5700, 1578, 1.0, 4.0, 3.0, 2021.0, 35.0, 75.0, 70.0, 59.0, 69.0, 69.0, 45.0, 30.0, 34.0, 72.0, 73.0, 71.0, 70.0, 59.0, 40.0, 74.0, 60.0, 62.0, 81.0, 65.0, 51.0, 16.0, 70.0, 49.0, 69.0, 66.0, 28.0, 19.0, 13.0, 13.0, 12.0, 5.0, 15.0, 5.0
23, 72, 77, Menor_que_5700, 1882, 1.0, 3.0, 3.0, 2022.0, 67.0, 61.0, 58.0, 67.0, 69.0, 71.0, 56.0, 48.0, 55.0, 68.0, 93.0, 93.0, 78.0, 69.0, 70.0, 80.0, 82.0, 84.0, 61.0, 65.0, 69.0, 45.0, 66.0, 65.0, 69.0, 69.0, 59.0, 30.0, 28.0, 12.0, 13.0, 13.0, 7.0, 11.0
24, 72, 77, Menor_que_5700, 1822, 1.0, 3.0, 3.0, 2023.0, 60.0, 71.0, 73.0, 64.0, 62.0, 68.0, 65.0, 45.0, 60.0, 72.0, 79.0, 79.0, 76.0, 59.0, 66.0, 73.0, 66.0, 73.0, 77.0, 64.0, 43.0, 35.0, 72.0, 58.0, 83.0, 61.0, 38.0, 43.0, 47.0, 8.0, 9.0, 11.0, 8.0, 15.0
32, 76, 76, Menor_que_5700, 1894, 3.0, 4.0, 3.0, 2020.0, 74.0, 34.0, 68.0, 70.0, 59.0, 73.0, 64.0, 38.0, 69.0, 76.0, 78.0, 80.0, 77.0, 72.0, 74.0, 52.0, 70.0, 82.0, 66.0, 43.0, 55.0, 75.0, 68.0, 59.0, 45.0, 73.0, 74.0, 77.0, 75.0, 10.0, 11.0, 9.0, 11.0, 6.0
29, 74, 74, Menor_que_5700, 1869, 1.0, 3.0, 3.0, 2020.0, 74.0, 32.0, 69.0, 66.0, 46.0, 73.0, 71.0, 37.0, 68.0, 72.0, 70.0, 74.0, 65.0, 67.0, 54.0, 72.0, 72.0, 77.0, 75.0, 61.0, 78.0, 75.0, 66.0, 59.0, 34.0, 66.0, 67.0, 75.0, 76.0, 15.0, 7.0, 5.0, 9.0, 8.0
29, 74, 74, Menor_que_5700, 2020, 2.0, 3.0, 3.0, 2019.0, 73.0, 57.0, 69.0, 72.0, 53.0, 71.0, 64.0, 60.0, 67.0, 79.0, 74.0, 79.0, 75.0, 73.0, 70.0, 79.0, 74.0, 89.0, 73.0, 80.0, 68.0, 75.0, 69.0, 63.0, 59.0, 68.0, 49.0, 73.0, 74.0, 13.0, 9.0, 13.0, 10.0, 14.0
26, 73, 73, Menor_que_5700, 1798, 1.0, 4.0, 3.0, 2022.0, 71.0, 71.0, 56.0, 70.0, 49.0, 75.0, 71.0, 60.0, 59.0, 73.0, 84.0, 80.0, 79.0, 69.0, 80.0, 73.0, 59.0, 63.0, 51.0, 62.0, 33.0, 35.0, 74.0, 70.0, 52.0, 70.0, 40.0, 54.0, 32.0, 9.0, 10.0, 6.0, 13.0, 15.0
22, 72, 79, Menor_que_5700, 1916, 1.0, 4.0, 3.0, 2019.0, 66.0, 40.0, 41.0, 78.0, 64.0, 77.0, 72.0, 55.0, 74.0, 78.0, 77.0, 65.0, 89.0, 66.0, 93.0, 64.0, 75.0, 74.0, 33.0, 68.0, 69.0, 68.0, 50.0, 72.0, 62.0, 68.0, 70.0, 62.0, 66.0, 12.0, 8.0, 7.0, 15.0, 6.0
22, 72, 78, Menor_que_5700, 1794, 1.0, 2.0, 3.0, 2023.0, 68.0, 56.0, 36.0, 71.0, 48.0, 76.0, 67.0, 68.0, 70.0, 75.0, 73.0, 69.0, 85.0, 72.0, 83.0, 72.0, 34.0, 74.0, 38.0, 69.0, 47.0, 51.0, 67.0, 72.0, 74.0, 68.0, 46.0, 56.0, 41.0, 5.0, 12.0, 6.0, 5.0, 8.0
31, 75, 75, Menor_que_5700, 2089, 1.0, 4.0, 3.0, 2019.0, 76.0, 68.0, 55.0, 75.0, 79.0, 76.0, 75.0, 77.0, 73.0, 76.0, 74.0, 75.0, 78.0, 75.0, 67.0, 74.0, 69.0, 78.0, 67.0, 78.0, 71.0, 74.0, 77.0, 73.0, 63.0, 64.0, 69.0, 68.0, 67.0, 9.0, 12.0, 16.0, 9.0, 16.0
29, 74, 75, Menor_que_5700, 1219, 1.0, 3.0, 1.0, 2020.0, 15.0, 12.0, 39.0, 33.0, 13.0, 17.0, 19.0, 11.0, 41.0, 21.0, 48.0, 38.0, 52.0, 69.0, 43.0, 21.0, 65.0, 26.0, 72.0, 11.0, 35.0, 11.0, 17.0, 53.0, 28.0, 65.0, 13.0, 14.0, 13.0, 72.0, 75.0, 76.0, 71.0, 75.0
29, 74, 74, Menor_que_5700, 1544, 1.0, 3.0, 2.0, 2022.0, 41.0, 39.0, 79.0, 62.0, 36.0, 42.0, 50.0, 11.0, 50.0, 60.0, 34.0, 38.0, 47.0, 69.0, 37.0, 67.0, 47.0, 71.0, 87.0, 21.0, 80.0, 71.0, 31.0, 51.0, 48.0, 66.0, 73.0, 75.0, 73.0, 10.0, 14.0, 14.0, 8.0, 8.0
32, 74, 74, Menor_que_5700, 1954, 2.0, 4.0, 3.0, 2023.0, 76.0, 66.0, 67.0, 78.0, 64.0, 71.0, 70.0, 73.0, 71.0, 73.0, 60.0, 62.0, 66.0, 74.0, 62.0, 70.0, 75.0, 76.0, 69.0, 71.0, 70.0, 59.0, 74.0, 80.0, 67.0, 73.0, 35.0, 65.0, 59.0, 12.0, 15.0, 11.0, 7.0, 6.0
26, 73, 78, Menor_que_5700, 1765, 1.0, 3.0, 2.0, 2019.0, 43.0, 32.0, 53.0, 73.0, 33.0, 57.0, 42.0, 36.0, 65.0, 69.0, 69.0, 50.0, 71.0, 72.0, 73.0, 63.0, 67.0, 92.0, 64.0, 60.0, 80.0, 72.0, 64.0, 61.0, 44.0, 65.0, 73.0, 71.0, 66.0, 7.0, 8.0, 16.0, 11.0, 8.0
22, 73, 77, Menor_que_5700, 1931, 1.0, 3.0, 2.0, 2019.0, 55.0, 48.0, 76.0, 70.0, 32.0, 65.0, 67.0, 70.0, 69.0, 69.0, 75.0, 82.0, 72.0, 65.0, 70.0, 81.0, 82.0, 78.0, 82.0, 67.0, 75.0, 64.0, 57.0, 62.0, 46.0, 63.0, 70.0, 71.0, 70.0, 9.0, 10.0, 9.0, 7.0, 6.0
22, 72, 82, Menor_que_5700, 1546, 1.0, 2.0, 2.0, 2021.0, 27.0, 23.0, 73.0, 60.0, 33.0, 38.0, 29.0, 33.0, 52.0, 44.0, 64.0, 70.0, 53.0, 58.0, 38.0, 55.0, 78.0, 70.0, 86.0, 27.0, 77.0, 66.0, 39.0, 30.0, 38.0, 55.0, 73.0, 76.0, 69.0, 14.0, 16.0, 9.0, 15.0, 13.0
22, 72, 79, Menor_que_5700, 1798, 1.0, 3.0, 3.0, 2022.0, 68.0, 70.0, 70.0, 65.0, 56.0, 74.0, 50.0, 34.0, 54.0, 69.0, 77.0, 82.0, 71.0, 70.0, 66.0, 71.0, 76.0, 91.0, 70.0, 63.0, 68.0, 35.0, 71.0, 65.0, 65.0, 70.0, 29.0, 37.0, 26.0, 13.0, 9.0, 7.0, 15.0, 11.0
23, 73, 78, Menor_que_5700, 1737, 1.0, 2.0, 2.0, 2022.0, 44.0, 35.0, 71.0, 59.0, 33.0, 59.0, 41.0, 45.0, 54.0, 61.0, 63.0, 67.0, 59.0, 67.0, 55.0, 70.0, 89.0, 77.0, 77.0, 46.0, 84.0, 68.0, 45.0, 45.0, 49.0, 65.0, 73.0, 74.0, 72.0, 13.0, 12.0, 9.0, 11.0, 10.0
23, 73, 78, Menor_que_5700, 1972, 1.0, 3.0, 3.0, 2023.0, 73.0, 50.0, 56.0, 70.0, 61.0, 73.0, 69.0, 57.0, 69.0, 72.0, 79.0, 80.0, 75.0, 71.0, 73.0, 67.0, 82.0, 83.0, 65.0, 62.0, 66.0, 69.0, 68.0, 68.0, 49.0, 69.0, 70.0, 70.0, 71.0, 14.0, 6.0, 11.0, 13.0, 10.0
28, 74, 74, Menor_que_5700, 1627, 1.0, 2.0, 2.0, 2023.0, 36.0, 43.0, 90.0, 60.0, 37.0, 32.0, 61.0, 62.0, 66.0, 40.0, 33.0, 34.0, 32.0, 63.0, 30.0, 76.0, 53.0, 61.0, 91.0, 24.0, 85.0, 72.0, 57.0, 54.0, 69.0, 55.0, 77.0, 73.0, 67.0, 11.0, 8.0, 7.0, 14.0, 9.0
23, 72, 80, Menor_que_5700, 1734, 1.0, 3.0, 3.0, 2019.0, 68.0, 65.0, 55.0, 71.0, 57.0, 75.0, 58.0, 46.0, 61.0, 72.0, 83.0, 81.0, 82.0, 65.0, 72.0, 66.0, 66.0, 75.0, 63.0, 67.0, 59.0, 16.0, 66.0, 67.0, 59.0, 52.0, 32.0, 18.0, 23.0, 15.0, 8.0, 10.0, 7.0, 6.0
31, 76, 76, Menor_que_5700, 1299, 1.0, 3.0, 1.0, 2021.0, 17.0, 13.0, 12.0, 35.0, 13.0, 14.0, 24.0, 12.0, 40.0, 18.0, 58.0, 55.0, 57.0, 75.0, 65.0, 22.0, 77.0, 43.0, 74.0, 12.0, 40.0, 26.0, 14.0, 41.0, 21.0, 56.0, 22.0, 14.0, 15.0, 80.0, 71.0, 68.0, 72.0, 79.0
27, 73, 74, Menor_que_5700, 1905, 1.0, 2.0, 3.0, 2018.0, 36.0, 73.0, 63.0, 68.0, 74.0, 71.0, 67.0, 52.0, 49.0, 72.0, 77.0, 76.0, 76.0, 72.0, 77.0, 80.0, 68.0, 84.0, 63.0, 74.0, 80.0, 55.0, 73.0, 64.0, 66.0, 70.0, 34.0, 59.0, 49.0, 12.0, 10.0, 16.0, 8.0, 7.0
22, 73, 82, Menor_que_5700, 1064, 1.0, 2.0, 1.0, 2023.0, 12.0, 16.0, 16.0, 13.0, 15.0, 11.0, 15.0, 12.0, 23.0, 14.0, 40.0, 45.0, 44.0, 68.0, 45.0, 22.0, 58.0, 30.0, 61.0, 13.0, 21.0, 10.0, 7.0, 22.0, 21.0, 35.0, 20.0, 15.0, 17.0, 75.0, 67.0, 69.0, 71.0, 76.0
33, 76, 76, Menor_que_5700, 1878, 1.0, 4.0, 4.0, 2020.0, 59.0, 80.0, 61.0, 74.0, 73.0, 79.0, 76.0, 66.0, 56.0, 78.0, 75.0, 69.0, 77.0, 78.0, 73.0, 77.0, 60.0, 68.0, 64.0, 70.0, 61.0, 30.0, 80.0, 71.0, 75.0, 76.0, 32.0, 36.0, 32.0, 14.0, 10.0, 9.0, 6.0, 9.0
26, 73, 74, Menor_que_5700, 1782, 1.0, 3.0, 3.0, 2019.0, 60.0, 70.0, 73.0, 70.0, 65.0, 71.0, 58.0, 41.0, 60.0, 72.0, 84.0, 79.0, 84.0, 72.0, 69.0, 71.0, 72.0, 65.0, 70.0, 63.0, 64.0, 32.0, 72.0, 52.0, 71.0, 72.0, 21.0, 30.0, 18.0, 15.0, 8.0, 10.0, 14.0, 6.0
26, 73, 74, Menor_que_5700, 1824, 1.0, 4.0, 3.0, 2019.0, 59.0, 73.0, 67.0, 64.0, 66.0, 70.0, 60.0, 30.0, 40.0, 66.0, 83.0, 88.0, 76.0, 69.0, 52.0, 76.0, 78.0, 88.0, 79.0, 62.0, 65.0, 34.0, 74.0, 67.0, 66.0, 64.0, 38.0, 50.0, 30.0, 11.0, 7.0, 11.0, 14.0, 11.0
23, 73, 80, Menor_que_5700, 1747, 1.0, 3.0, 3.0, 2020.0, 55.0, 38.0, 48.0, 80.0, 48.0, 63.0, 65.0, 46.0, 76.0, 76.0, 55.0, 33.0, 58.0, 68.0, 70.0, 55.0, 58.0, 65.0, 66.0, 52.0, 55.0, 71.0, 53.0, 81.0, 52.0, 75.0, 75.0, 71.0, 62.0, 12.0, 10.0, 13.0, 11.0, 6.0
24, 73, 80, Menor_que_5700, 1833, 1.0, 2.0, 2.0, 2021.0, 43.0, 38.0, 61.0, 72.0, 49.0, 62.0, 67.0, 40.0, 75.0, 72.0, 56.0, 64.0, 77.0, 76.0, 75.0, 77.0, 77.0, 84.0, 67.0, 52.0, 82.0, 68.0, 47.0, 55.0, 51.0, 72.0, 62.0, 75.0, 70.0, 6.0, 8.0, 6.0, 11.0, 8.0
24, 73, 80, Menor_que_5700, 1590, 1.0, 2.0, 2.0, 2022.0, 54.0, 35.0, 68.0, 58.0, 30.0, 55.0, 31.0, 32.0, 57.0, 53.0, 61.0, 66.0, 49.0, 67.0, 46.0, 41.0, 81.0, 73.0, 83.0, 40.0, 82.0, 75.0, 29.0, 27.0, 34.0, 58.0, 74.0, 71.0, 72.0, 9.0, 12.0, 7.0, 6.0, 12.0
25, 73, 75, Menor_que_5700, 1932, 2.0, 4.0, 3.0, 2022.0, 72.0, 59.0, 38.0, 76.0, 71.0, 73.0, 77.0, 69.0, 73.0, 77.0, 74.0, 67.0, 82.0, 69.0, 79.0, 70.0, 63.0, 72.0, 48.0, 75.0, 63.0, 64.0, 67.0, 74.0, 48.0, 67.0, 55.0, 65.0, 50.0, 15.0, 12.0, 14.0, 7.0, 14.0
21, 72, 81, Menor_que_5700, 1883, 1.0, 4.0, 4.0, 2019.0, 59.0, 66.0, 60.0, 65.0, 67.0, 77.0, 78.0, 70.0, 50.0, 75.0, 79.0, 84.0, 75.0, 76.0, 76.0, 77.0, 70.0, 72.0, 65.0, 72.0, 58.0, 31.0, 72.0, 71.0, 67.0, 78.0, 60.0, 33.0, 28.0, 13.0, 15.0, 7.0, 6.0, 9.0
30, 76, 76, Menor_que_5700, 1316, 1.0, 3.0, 1.0, 2020.0, 33.0, 22.0, 18.0, 17.0, 21.0, 17.0, 21.0, 20.0, 18.0, 23.0, 55.0, 50.0, 71.0, 68.0, 47.0, 24.0, 69.0, 42.0, 78.0, 18.0, 40.0, 28.0, 11.0, 64.0, 17.0, 63.0, 10.0, 16.0, 18.0, 76.0, 77.0, 77.0, 76.0, 74.0
30, 76, 76, Menor_que_5700, 1215, 2.0, 3.0, 1.0, 2023.0, 11.0, 18.0, 18.0, 29.0, 7.0, 16.0, 11.0, 14.0, 41.0, 22.0, 49.0, 48.0, 58.0, 79.0, 28.0, 38.0, 75.0, 33.0, 79.0, 17.0, 38.0, 12.0, 9.0, 42.0, 15.0, 64.0, 19.0, 12.0, 11.0, 77.0, 69.0, 68.0, 74.0, 78.0
30, 75, 75, Menor_que_5700, 1968, 1.0, 3.0, 3.0, 2020.0, 68.0, 61.0, 62.0, 80.0, 54.0, 65.0, 76.0, 78.0, 76.0, 78.0, 63.0, 42.0, 66.0, 74.0, 72.0, 76.0, 61.0, 70.0, 65.0, 73.0, 80.0, 72.0, 53.0, 75.0, 72.0, 69.0, 62.0, 75.0, 68.0, 9.0, 14.0, 8.0, 13.0, 7.0
30, 75, 75, Menor_que_5700, 1646, 1.0, 2.0, 2.0, 2021.0, 54.0, 23.0, 79.0, 69.0, 13.0, 55.0, 40.0, 39.0, 66.0, 67.0, 49.0, 60.0, 54.0, 66.0, 58.0, 43.0, 79.0, 73.0, 82.0, 17.0, 80.0, 75.0, 30.0, 56.0, 51.0, 70.0, 74.0, 73.0, 72.0, 9.0, 13.0, 8.0, 13.0, 6.0
21, 73, 80, Menor_que_5700, 1813, 1.0, 3.0, 3.0, 2022.0, 65.0, 46.0, 69.0, 77.0, 45.0, 66.0, 35.0, 35.0, 75.0, 75.0, 65.0, 63.0, 69.0, 65.0, 61.0, 69.0, 67.0, 67.0, 68.0, 49.0, 69.0, 74.0, 53.0, 64.0, 42.0, 62.0, 73.0, 74.0, 72.0, 15.0, 7.0, 15.0, 9.0, 15.0
22, 72, 81, Menor_que_5700, 1819, 1.0, 2.0, 3.0, 2020.0, 57.0, 66.0, 69.0, 74.0, 65.0, 80.0, 65.0, 36.0, 52.0, 81.0, 75.0, 70.0, 71.0, 65.0, 69.0, 71.0, 69.0, 68.0, 78.0, 63.0, 70.0, 30.0, 68.0, 71.0, 66.0, 68.0, 50.0, 36.0, 30.0, 14.0, 7.0, 11.0, 15.0, 7.0
32, 78, 78, Menor_que_5700, 2079, 3.0, 3.0, 3.0, 2021.0, 77.0, 62.0, 74.0, 75.0, 62.0, 74.0, 74.0, 61.0, 73.0, 75.0, 74.0, 73.0, 74.0, 78.0, 73.0, 74.0, 81.0, 74.0, 72.0, 68.0, 79.0, 76.0, 63.0, 64.0, 66.0, 75.0, 78.0, 78.0, 78.0, 8.0, 9.0, 7.0, 15.0, 10.0
30, 76, 76, Menor_que_5700, 1867, 1.0, 4.0, 3.0, 2021.0, 76.0, 55.0, 63.0, 75.0, 43.0, 77.0, 66.0, 51.0, 62.0, 80.0, 70.0, 74.0, 79.0, 75.0, 68.0, 47.0, 35.0, 79.0, 55.0, 39.0, 62.0, 71.0, 65.0, 53.0, 68.0, 60.0, 68.0, 77.0, 75.0, 9.0, 15.0, 11.0, 8.0, 16.0
27, 75, 78, Menor_que_5700, 1148, 1.0, 2.0, 1.0, 2019.0, 12.0, 13.0, 24.0, 32.0, 11.0, 11.0, 24.0, 12.0, 33.0, 28.0, 43.0, 49.0, 48.0, 71.0, 42.0, 14.0, 70.0, 41.0, 68.0, 11.0, 27.0, 15.0, 12.0, 11.0, 19.0, 55.0, 14.0, 14.0, 13.0, 78.0, 69.0, 67.0, 69.0, 83.0
28, 75, 75, Menor_que_5700, 1959, 1.0, 3.0, 3.0, 2022.0, 62.0, 44.0, 59.0, 80.0, 53.0, 64.0, 77.0, 81.0, 77.0, 72.0, 53.0, 54.0, 53.0, 69.0, 62.0, 79.0, 78.0, 75.0, 76.0, 78.0, 77.0, 75.0, 59.0, 75.0, 69.0, 69.0, 65.0, 74.0, 68.0, 8.0, 8.0, 6.0, 16.0, 13.0
26, 74, 75, Menor_que_5700, 1976, 1.0, 3.0, 2.0, 2018.0, 62.0, 46.0, 54.0, 71.0, 49.0, 62.0, 63.0, 65.0, 70.0, 67.0, 74.0, 71.0, 73.0, 72.0, 77.0, 76.0, 75.0, 80.0, 78.0, 76.0, 84.0, 74.0, 61.0, 69.0, 51.0, 75.0, 70.0, 75.0, 70.0, 11.0, 14.0, 14.0, 8.0, 14.0
29, 74, 74, Menor_que_5700, 1942, 2.0, 4.0, 3.0, 2020.0, 66.0, 76.0, 71.0, 73.0, 78.0, 68.0, 71.0, 70.0, 67.0, 73.0, 63.0, 57.0, 73.0, 72.0, 73.0, 75.0, 66.0, 81.0, 66.0, 68.0, 63.0, 46.0, 81.0, 73.0, 85.0, 75.0, 56.0, 38.0, 39.0, 11.0, 8.0, 13.0, 9.0, 13.0
29, 74, 74, Menor_que_5700, 2048, 1.0, 3.0, 3.0, 2020.0, 79.0, 70.0, 58.0, 79.0, 74.0, 80.0, 82.0, 82.0, 77.0, 79.0, 60.0, 61.0, 65.0, 70.0, 77.0, 84.0, 54.0, 53.0, 68.0, 78.0, 76.0, 69.0, 70.0, 77.0, 69.0, 75.0, 66.0, 66.0, 65.0, 16.0, 16.0, 7.0, 13.0, 8.0
28, 74, 74, Menor_que_5700, 1896, 2.0, 3.0, 3.0, 2021.0, 71.0, 68.0, 58.0, 68.0, 69.0, 76.0, 69.0, 65.0, 63.0, 75.0, 88.0, 87.0, 85.0, 70.0, 83.0, 76.0, 71.0, 58.0, 63.0, 73.0, 66.0, 45.0, 71.0, 73.0, 68.0, 66.0, 20.0, 39.0, 28.0, 11.0, 10.0, 9.0, 11.0, 9.0
27, 74, 76, Menor_que_5700, 1483, 1.0, 2.0, 2.0, 2022.0, 30.0, 22.0, 78.0, 53.0, 20.0, 43.0, 20.0, 27.0, 47.0, 54.0, 44.0, 46.0, 54.0, 69.0, 45.0, 52.0, 75.0, 59.0, 84.0, 18.0, 81.0, 73.0, 25.0, 31.0, 47.0, 57.0, 74.0, 73.0, 74.0, 16.0, 6.0, 16.0, 11.0, 16.0
23, 73, 79, Menor_que_5700, 1741, 1.0, 3.0, 3.0, 2021.0, 67.0, 71.0, 67.0, 72.0, 58.0, 75.0, 45.0, 38.0, 65.0, 72.0, 79.0, 79.0, 81.0, 75.0, 67.0, 61.0, 65.0, 55.0, 59.0, 62.0, 42.0, 32.0, 73.0, 66.0, 66.0, 69.0, 41.0, 30.0, 27.0, 14.0, 8.0, 6.0, 10.0, 13.0
22, 73, 82, Menor_que_5700, 1645, 1.0, 4.0, 2.0, 2021.0, 44.0, 23.0, 72.0, 69.0, 28.0, 61.0, 39.0, 27.0, 70.0, 72.0, 67.0, 69.0, 68.0, 73.0, 54.0, 40.0, 75.0, 67.0, 67.0, 21.0, 63.0, 75.0, 35.0, 57.0, 39.0, 70.0, 73.0, 73.0, 72.0, 11.0, 13.0, 7.0, 14.0, 7.0
21, 73, 79, Menor_que_5700, 1964, 1.0, 3.0, 3.0, 2022.0, 70.0, 49.0, 65.0, 77.0, 58.0, 75.0, 65.0, 53.0, 76.0, 75.0, 68.0, 72.0, 70.0, 66.0, 75.0, 76.0, 74.0, 80.0, 77.0, 57.0, 77.0, 70.0, 60.0, 70.0, 50.0, 71.0, 66.0, 69.0, 64.0, 13.0, 13.0, 6.0, 16.0, 12.0
25, 73, 78, Menor_que_5700, 1979, 1.0, 3.0, 3.0, 2022.0, 67.0, 74.0, 63.0, 71.0, 69.0, 74.0, 61.0, 62.0, 64.0, 74.0, 84.0, 78.0, 87.0, 75.0, 86.0, 67.0, 72.0, 83.0, 60.0, 72.0, 46.0, 56.0, 77.0, 71.0, 70.0, 65.0, 53.0, 58.0, 54.0, 8.0, 12.0, 13.0, 8.0, 10.0
24, 73, 78, Menor_que_5700, 1945, 1.0, 3.0, 3.0, 2023.0, 65.0, 60.0, 60.0, 76.0, 63.0, 76.0, 70.0, 65.0, 73.0, 78.0, 71.0, 69.0, 74.0, 68.0, 66.0, 72.0, 68.0, 73.0, 68.0, 72.0, 56.0, 50.0, 68.0, 71.0, 64.0, 64.0, 64.0, 64.0, 62.0, 14.0, 9.0, 12.0, 10.0, 14.0
22, 73, 80, Menor_que_5700, 1775, 1.0, 3.0, 3.0, 2023.0, 73.0, 69.0, 64.0, 68.0, 55.0, 77.0, 56.0, 54.0, 55.0, 79.0, 73.0, 84.0, 68.0, 68.0, 56.0, 80.0, 80.0, 62.0, 77.0, 58.0, 45.0, 20.0, 72.0, 61.0, 68.0, 63.0, 41.0, 33.0, 24.0, 8.0, 15.0, 14.0, 8.0, 10.0
22, 73, 80, Menor_que_5700, 1718, 1.0, 4.0, 3.0, 2023.0, 74.0, 62.0, 38.0, 73.0, 74.0, 75.0, 58.0, 54.0, 66.0, 73.0, 86.0, 76.0, 84.0, 74.0, 64.0, 69.0, 45.0, 62.0, 52.0, 74.0, 36.0, 22.0, 68.0, 73.0, 57.0, 76.0, 31.0, 26.0, 23.0, 7.0, 9.0, 14.0, 13.0, 6.0
21, 73, 83, Menor_que_5700, 1846, 1.0, 4.0, 3.0, 2023.0, 57.0, 54.0, 60.0, 75.0, 50.0, 65.0, 48.0, 39.0, 66.0, 75.0, 67.0, 70.0, 69.0, 71.0, 68.0, 56.0, 73.0, 77.0, 71.0, 58.0, 65.0, 72.0, 58.0, 68.0, 50.0, 66.0, 70.0, 72.0, 72.0, 11.0, 7.0, 10.0, 8.0, 14.0
23, 73, 79, Menor_que_5700, 1775, 1.0, 3.0, 4.0, 2019.0, 55.0, 72.0, 58.0, 69.0, 61.0, 77.0, 52.0, 48.0, 58.0, 76.0, 77.0, 74.0, 85.0, 71.0, 82.0, 65.0, 84.0, 69.0, 44.0, 69.0, 63.0, 27.0, 74.0, 73.0, 54.0, 67.0, 32.0, 24.0, 26.0, 12.0, 12.0, 8.0, 9.0, 15.0
19, 72, 84, Menor_que_5700, 1899, 1.0, 4.0, 3.0, 2022.0, 80.0, 46.0, 45.0, 72.0, 63.0, 73.0, 71.0, 65.0, 73.0, 73.0, 79.0, 81.0, 81.0, 65.0, 72.0, 58.0, 75.0, 76.0, 53.0, 62.0, 67.0, 61.0, 64.0, 69.0, 41.0, 60.0, 59.0, 64.0, 63.0, 9.0, 6.0, 9.0, 12.0, 12.0
31, 78, 78, Entre_5700_e_8500, 1200, 2.0, 2.0, 1.0, 2019.0, 21.0, 11.0, 9.0, 37.0, 11.0, 13.0, 20.0, 11.0, 39.0, 21.0, 44.0, 43.0, 50.0, 75.0, 48.0, 24.0, 64.0, 33.0, 62.0, 11.0, 34.0, 15.0, 12.0, 38.0, 23.0, 58.0, 20.0, 12.0, 13.0, 79.0, 73.0, 75.0, 78.0, 81.0
32, 77, 77, Entre_5700_e_8500, 1979, 2.0, 4.0, 2.0, 2019.0, 67.0, 73.0, 78.0, 76.0, 75.0, 69.0, 69.0, 54.0, 75.0, 75.0, 37.0, 39.0, 50.0, 76.0, 48.0, 79.0, 61.0, 85.0, 79.0, 76.0, 72.0, 77.0, 74.0, 75.0, 63.0, 79.0, 70.0, 76.0, 74.0, 15.0, 11.0, 16.0, 7.0, 8.0
30, 77, 77, Entre_5700_e_8500, 2049, 1.0, 3.0, 2.0, 2022.0, 77.0, 59.0, 68.0, 76.0, 59.0, 62.0, 63.0, 70.0, 66.0, 69.0, 77.0, 80.0, 79.0, 72.0, 73.0, 80.0, 79.0, 83.0, 73.0, 70.0, 80.0, 75.0, 59.0, 52.0, 67.0, 65.0, 68.0, 77.0, 80.0, 16.0, 9.0, 9.0, 15.0, 7.0
31, 76, 76, Entre_5700_e_8500, 2070, 1.0, 2.0, 4.0, 2020.0, 77.0, 60.0, 56.0, 76.0, 57.0, 77.0, 77.0, 76.0, 74.0, 77.0, 74.0, 74.0, 77.0, 72.0, 76.0, 75.0, 67.0, 88.0, 68.0, 69.0, 70.0, 74.0, 74.0, 72.0, 77.0, 80.0, 67.0, 74.0, 72.0, 5.0, 7.0, 14.0, 5.0, 12.0
27, 75, 78, Entre_5700_e_8500, 2016, 1.0, 3.0, 3.0, 2018.0, 66.0, 56.0, 54.0, 75.0, 66.0, 73.0, 70.0, 63.0, 72.0, 73.0, 79.0, 73.0, 78.0, 72.0, 75.0, 73.0, 78.0, 77.0, 74.0, 66.0, 82.0, 75.0, 63.0, 63.0, 59.0, 70.0, 74.0, 76.0, 71.0, 6.0, 7.0, 6.0, 13.0, 8.0
29, 75, 75, Entre_5700_e_8500, 1860, 2.0, 4.0, 3.0, 2019.0, 74.0, 69.0, 22.0, 75.0, 68.0, 79.0, 76.0, 76.0, 73.0, 75.0, 77.0, 72.0, 77.0, 72.0, 76.0, 77.0, 53.0, 71.0, 53.0, 73.0, 75.0, 22.0, 66.0, 72.0, 74.0, 75.0, 31.0, 44.0, 30.0, 8.0, 14.0, 9.0, 12.0, 15.0
28, 75, 75, Entre_5700_e_8500, 1960, 1.0, 3.0, 3.0, 2020.0, 76.0, 49.0, 55.0, 80.0, 51.0, 67.0, 71.0, 75.0, 79.0, 74.0, 63.0, 55.0, 70.0, 75.0, 77.0, 71.0, 71.0, 80.0, 66.0, 57.0, 70.0, 74.0, 60.0, 74.0, 55.0, 76.0, 76.0, 72.0, 66.0, 10.0, 13.0, 13.0, 7.0, 8.0
28, 75, 75, Entre_5700_e_8500, 1876, 1.0, 4.0, 3.0, 2020.0, 50.0, 51.0, 46.0, 78.0, 46.0, 74.0, 66.0, 43.0, 70.0, 80.0, 83.0, 77.0, 83.0, 77.0, 90.0, 48.0, 60.0, 83.0, 39.0, 48.0, 68.0, 79.0, 63.0, 72.0, 49.0, 77.0, 65.0, 72.0, 59.0, 7.0, 14.0, 14.0, 12.0, 10.0
29, 75, 75, Entre_5700_e_8500, 1934, 2.0, 4.0, 4.0, 2020.0, 66.0, 74.0, 60.0, 72.0, 65.0, 76.0, 72.0, 66.0, 47.0, 74.0, 91.0, 91.0, 90.0, 74.0, 82.0, 76.0, 66.0, 85.0, 62.0, 66.0, 45.0, 44.0, 75.0, 66.0, 80.0, 68.0, 46.0, 33.0, 28.0, 13.0, 11.0, 10.0, 13.0, 15.0
30, 75, 75, Entre_5700_e_8500, 1825, 1.0, 3.0, 3.0, 2021.0, 50.0, 77.0, 72.0, 66.0, 74.0, 72.0, 58.0, 54.0, 52.0, 70.0, 85.0, 88.0, 86.0, 70.0, 77.0, 73.0, 92.0, 74.0, 74.0, 66.0, 50.0, 14.0, 75.0, 55.0, 77.0, 75.0, 40.0, 20.0, 11.0, 14.0, 7.0, 10.0, 11.0, 11.0
26, 75, 76, Entre_5700_e_8500, 1835, 1.0, 2.0, 3.0, 2022.0, 61.0, 41.0, 73.0, 70.0, 33.0, 65.0, 54.0, 52.0, 68.0, 69.0, 65.0, 68.0, 61.0, 75.0, 74.0, 42.0, 75.0, 79.0, 74.0, 35.0, 75.0, 77.0, 56.0, 52.0, 43.0, 65.0, 77.0, 77.0, 81.0, 15.0, 11.0, 13.0, 11.0, 13.0
30, 75, 75, Entre_5700_e_8500, 1874, 1.0, 3.0, 3.0, 2019.0, 72.0, 74.0, 87.0, 75.0, 84.0, 75.0, 59.0, 71.0, 61.0, 76.0, 69.0, 66.0, 79.0, 63.0, 74.0, 82.0, 78.0, 39.0, 62.0, 69.0, 54.0, 43.0, 70.0, 64.0, 70.0, 61.0, 25.0, 45.0, 21.0, 16.0, 15.0, 8.0, 15.0, 13.0
26, 75, 76, Entre_5700_e_8500, 1830, 2.0, 2.0, 2.0, 2019.0, 74.0, 26.0, 74.0, 71.0, 30.0, 55.0, 59.0, 34.0, 67.0, 65.0, 78.0, 77.0, 70.0, 69.0, 54.0, 47.0, 79.0, 78.0, 80.0, 43.0, 75.0, 75.0, 62.0, 62.0, 49.0, 55.0, 72.0, 77.0, 75.0, 14.0, 6.0, 10.0, 16.0, 7.0
27, 74, 75, Entre_5700_e_8500, 2024, 1.0, 3.0, 3.0, 2019.0, 70.0, 69.0, 53.0, 74.0, 64.0, 73.0, 72.0, 75.0, 73.0, 77.0, 66.0, 74.0, 75.0, 71.0, 76.0, 73.0, 65.0, 83.0, 68.0, 75.0, 83.0, 65.0, 66.0, 74.0, 51.0, 74.0, 71.0, 71.0, 64.0, 7.0, 16.0, 7.0, 9.0, 14.0
26, 74, 75, Entre_5700_e_8500, 1796, 1.0, 4.0, 3.0, 2020.0, 54.0, 74.0, 76.0, 70.0, 71.0, 68.0, 68.0, 58.0, 52.0, 72.0, 69.0, 73.0, 67.0, 72.0, 60.0, 72.0, 81.0, 69.0, 82.0, 65.0, 76.0, 19.0, 74.0, 64.0, 69.0, 66.0, 21.0, 21.0, 22.0, 11.0, 11.0, 13.0, 11.0, 11.0
25, 74, 75, Entre_5700_e_8500, 1776, 1.0, 3.0, 3.0, 2023.0, 71.0, 68.0, 57.0, 68.0, 49.0, 71.0, 61.0, 50.0, 60.0, 69.0, 92.0, 93.0, 83.0, 78.0, 94.0, 65.0, 87.0, 70.0, 34.0, 63.0, 33.0, 22.0, 75.0, 69.0, 55.0, 64.0, 35.0, 22.0, 29.0, 11.0, 8.0, 10.0, 10.0, 14.0
25, 74, 75, Entre_5700_e_8500, 1967, 2.0, 4.0, 3.0, 2018.0, 76.0, 73.0, 60.0, 79.0, 74.0, 77.0, 80.0, 83.0, 73.0, 80.0, 55.0, 63.0, 71.0, 66.0, 68.0, 86.0, 46.0, 72.0, 83.0, 85.0, 79.0, 50.0, 74.0, 74.0, 64.0, 70.0, 40.0, 42.0, 36.0, 15.0, 10.0, 7.0, 11.0, 15.0
24, 74, 79, Entre_5700_e_8500, 1994, 1.0, 3.0, 3.0, 2019.0, 73.0, 48.0, 55.0, 70.0, 62.0, 72.0, 70.0, 70.0, 63.0, 73.0, 79.0, 75.0, 74.0, 70.0, 73.0, 79.0, 69.0, 78.0, 65.0, 69.0, 82.0, 70.0, 66.0, 60.0, 55.0, 66.0, 74.0, 73.0, 74.0, 15.0, 6.0, 9.0, 13.0, 10.0
25, 74, 79, Entre_5700_e_8500, 1893, 2.0, 3.0, 3.0, 2019.0, 45.0, 55.0, 67.0, 76.0, 41.0, 71.0, 52.0, 55.0, 69.0, 77.0, 61.0, 65.0, 73.0, 72.0, 73.0, 59.0, 81.0, 69.0, 74.0, 51.0, 83.0, 68.0, 59.0, 68.0, 48.0, 76.0, 73.0, 76.0, 79.0, 14.0, 7.0, 13.0, 7.0, 12.0
18, 72, 87, Entre_5700_e_8500, 1672, 1.0, 3.0, 3.0, 2020.0, 42.0, 75.0, 65.0, 59.0, 64.0, 73.0, 62.0, 43.0, 38.0, 74.0, 75.0, 79.0, 75.0, 68.0, 69.0, 71.0, 68.0, 69.0, 73.0, 58.0, 45.0, 21.0, 72.0, 51.0, 65.0, 68.0, 27.0, 28.0, 16.0, 13.0, 8.0, 10.0, 7.0, 9.0
33, 79, 79, Entre_5700_e_8500, 1999, 2.0, 3.0, 4.0, 2020.0, 80.0, 73.0, 65.0, 77.0, 69.0, 78.0, 80.0, 75.0, 73.0, 79.0, 84.0, 84.0, 75.0, 77.0, 66.0, 75.0, 76.0, 69.0, 78.0, 72.0, 73.0, 39.0, 75.0, 80.0, 79.0, 80.0, 17.0, 43.0, 29.0, 15.0, 12.0, 5.0, 12.0, 15.0
30, 76, 76, Entre_5700_e_8500, 2040, 2.0, 4.0, 3.0, 2019.0, 69.0, 72.0, 51.0, 69.0, 77.0, 78.0, 76.0, 76.0, 70.0, 73.0, 86.0, 84.0, 81.0, 76.0, 83.0, 86.0, 77.0, 87.0, 81.0, 77.0, 74.0, 44.0, 79.0, 74.0, 73.0, 72.0, 30.0, 40.0, 33.0, 15.0, 11.0, 15.0, 14.0, 9.0
28, 76, 76, Entre_5700_e_8500, 2059, 1.0, 3.0, 3.0, 2019.0, 68.0, 65.0, 70.0, 75.0, 60.0, 74.0, 68.0, 47.0, 75.0, 77.0, 77.0, 82.0, 75.0, 74.0, 74.0, 75.0, 77.0, 87.0, 68.0, 72.0, 61.0, 70.0, 62.0, 74.0, 65.0, 74.0, 71.0, 79.0, 79.0, 11.0, 15.0, 14.0, 12.0, 6.0
29, 76, 76, Entre_5700_e_8500, 1845, 1.0, 3.0, 4.0, 2020.0, 76.0, 71.0, 59.0, 67.0, 65.0, 78.0, 73.0, 71.0, 58.0, 76.0, 86.0, 84.0, 83.0, 74.0, 77.0, 75.0, 63.0, 74.0, 53.0, 67.0, 46.0, 31.0, 72.0, 74.0, 71.0, 74.0, 23.0, 25.0, 21.0, 7.0, 14.0, 11.0, 6.0, 14.0
29, 76, 76, Entre_5700_e_8500, 1836, 1.0, 2.0, 3.0, 2020.0, 57.0, 66.0, 74.0, 82.0, 48.0, 67.0, 61.0, 65.0, 77.0, 77.0, 35.0, 35.0, 62.0, 70.0, 35.0, 63.0, 58.0, 70.0, 73.0, 60.0, 65.0, 75.0, 70.0, 79.0, 46.0, 70.0, 67.0, 72.0, 68.0, 15.0, 13.0, 9.0, 6.0, 16.0
29, 76, 76, Entre_5700_e_8500, 2018, 1.0, 3.0, 3.0, 2021.0, 70.0, 63.0, 65.0, 79.0, 69.0, 69.0, 67.0, 61.0, 76.0, 73.0, 62.0, 57.0, 66.0, 77.0, 65.0, 67.0, 92.0, 89.0, 70.0, 69.0, 80.0, 78.0, 68.0, 74.0, 44.0, 77.0, 65.0, 75.0, 71.0, 11.0, 15.0, 8.0, 13.0, 10.0
27, 76, 78, Entre_5700_e_8500, 1661, 1.0, 2.0, 2.0, 2021.0, 36.0, 25.0, 77.0, 73.0, 36.0, 60.0, 33.0, 29.0, 49.0, 71.0, 66.0, 69.0, 53.0, 72.0, 48.0, 61.0, 85.0, 74.0, 80.0, 29.0, 71.0, 72.0, 30.0, 41.0, 45.0, 67.0, 71.0, 77.0, 76.0, 14.0, 8.0, 11.0, 12.0, 7.0
24, 75, 80, Entre_5700_e_8500, 2027, 1.0, 3.0, 3.0, 2020.0, 69.0, 48.0, 67.0, 72.0, 44.0, 64.0, 59.0, 68.0, 75.0, 70.0, 79.0, 67.0, 81.0, 69.0, 75.0, 73.0, 87.0, 87.0, 71.0, 59.0, 88.0, 78.0, 54.0, 68.0, 76.0, 69.0, 72.0, 73.0, 73.0, 11.0, 14.0, 14.0, 10.0, 12.0
24, 75, 79, Entre_5700_e_8500, 1470, 1.0, 2.0, 2.0, 2021.0, 41.0, 28.0, 75.0, 66.0, 31.0, 40.0, 29.0, 27.0, 51.0, 57.0, 45.0, 48.0, 31.0, 72.0, 32.0, 56.0, 68.0, 56.0, 92.0, 24.0, 75.0, 68.0, 28.0, 30.0, 20.0, 69.0, 76.0, 77.0, 73.0, 7.0, 12.0, 7.0, 16.0, 12.0
23, 75, 80, Entre_5700_e_8500, 2036, 1.0, 3.0, 3.0, 2022.0, 77.0, 53.0, 69.0, 72.0, 66.0, 76.0, 60.0, 60.0, 73.0, 75.0, 86.0, 87.0, 65.0, 73.0, 65.0, 80.0, 74.0, 72.0, 69.0, 69.0, 78.0, 67.0, 65.0, 67.0, 52.0, 68.0, 71.0, 75.0, 75.0, 13.0, 7.0, 14.0, 16.0, 15.0
23, 75, 80, Entre_5700_e_8500, 1767, 1.0, 3.0, 2.0, 2022.0, 47.0, 52.0, 74.0, 63.0, 37.0, 63.0, 29.0, 28.0, 64.0, 68.0, 70.0, 75.0, 68.0, 63.0, 63.0, 79.0, 85.0, 68.0, 83.0, 42.0, 73.0, 72.0, 52.0, 43.0, 31.0, 68.0, 69.0, 77.0, 76.0, 9.0, 14.0, 16.0, 7.0, 7.0
25, 74, 78, Entre_5700_e_8500, 1845, 1.0, 4.0, 3.0, 2021.0, 70.0, 67.0, 42.0, 74.0, 63.0, 74.0, 75.0, 77.0, 72.0, 76.0, 75.0, 66.0, 75.0, 66.0, 85.0, 76.0, 48.0, 62.0, 32.0, 69.0, 67.0, 40.0, 71.0, 76.0, 66.0, 68.0, 40.0, 40.0, 43.0, 13.0, 13.0, 14.0, 10.0, 8.0
24, 74, 78, Entre_5700_e_8500, 1914, 1.0, 3.0, 3.0, 2021.0, 67.0, 70.0, 56.0, 74.0, 67.0, 77.0, 64.0, 56.0, 69.0, 77.0, 79.0, 78.0, 72.0, 73.0, 75.0, 70.0, 55.0, 78.0, 74.0, 72.0, 54.0, 55.0, 73.0, 68.0, 59.0, 69.0, 39.0, 57.0, 54.0, 9.0, 8.0, 13.0, 9.0, 13.0
24, 74, 78, Entre_5700_e_8500, 1866, 1.0, 4.0, 4.0, 2019.0, 64.0, 75.0, 51.0, 70.0, 58.0, 76.0, 70.0, 71.0, 61.0, 76.0, 79.0, 73.0, 85.0, 69.0, 77.0, 70.0, 78.0, 68.0, 56.0, 68.0, 41.0, 27.0, 75.0, 69.0, 65.0, 73.0, 37.0, 49.0, 51.0, 9.0, 11.0, 14.0, 11.0, 12.0
29, 77, 77, Entre_5700_e_8500, 2025, 1.0, 3.0, 3.0, 2020.0, 65.0, 56.0, 51.0, 81.0, 58.0, 73.0, 60.0, 55.0, 77.0, 77.0, 74.0, 76.0, 75.0, 75.0, 75.0, 76.0, 56.0, 85.0, 64.0, 69.0, 78.0, 78.0, 69.0, 75.0, 63.0, 80.0, 74.0, 77.0, 74.0, 9.0, 13.0, 11.0, 12.0, 14.0
28, 77, 79, Entre_5700_e_8500, 1710, 1.0, 2.0, 2.0, 2020.0, 47.0, 34.0, 77.0, 70.0, 40.0, 46.0, 30.0, 26.0, 62.0, 63.0, 62.0, 68.0, 59.0, 71.0, 55.0, 61.0, 74.0, 66.0, 82.0, 30.0, 85.0, 75.0, 46.0, 65.0, 27.0, 71.0, 76.0, 78.0, 74.0, 16.0, 9.0, 9.0, 14.0, 13.0
23, 75, 79, Entre_5700_e_8500, 1991, 2.0, 3.0, 3.0, 2020.0, 70.0, 66.0, 60.0, 79.0, 65.0, 72.0, 67.0, 70.0, 76.0, 77.0, 74.0, 69.0, 73.0, 70.0, 75.0, 75.0, 55.0, 68.0, 65.0, 75.0, 74.0, 71.0, 67.0, 73.0, 52.0, 68.0, 67.0, 69.0, 68.0, 7.0, 10.0, 11.0, 12.0, 9.0
23, 75, 79, Entre_5700_e_8500, 1817, 1.0, 3.0, 3.0, 2022.0, 80.0, 70.0, 49.0, 74.0, 65.0, 77.0, 76.0, 75.0, 64.0, 78.0, 79.0, 77.0, 87.0, 67.0, 77.0, 69.0, 53.0, 66.0, 51.0, 71.0, 37.0, 27.0, 65.0, 74.0, 57.0, 63.0, 28.0, 37.0, 31.0, 6.0, 11.0, 16.0, 8.0, 15.0
24, 75, 78, Entre_5700_e_8500, 1985, 1.0, 3.0, 4.0, 2022.0, 75.0, 68.0, 69.0, 71.0, 65.0, 83.0, 77.0, 58.0, 66.0, 79.0, 78.0, 75.0, 86.0, 76.0, 77.0, 80.0, 74.0, 63.0, 65.0, 83.0, 71.0, 44.0, 69.0, 73.0, 70.0, 84.0, 37.0, 48.0, 52.0, 9.0, 15.0, 7.0, 13.0, 9.0
25, 75, 78, Entre_5700_e_8500, 1867, 1.0, 3.0, 3.0, 2019.0, 77.0, 63.0, 57.0, 76.0, 42.0, 79.0, 72.0, 63.0, 66.0, 77.0, 79.0, 81.0, 86.0, 65.0, 74.0, 58.0, 75.0, 66.0, 57.0, 59.0, 58.0, 44.0, 65.0, 74.0, 58.0, 69.0, 45.0, 56.0, 40.0, 16.0, 6.0, 14.0, 9.0, 10.0
25, 75, 79, Entre_5700_e_8500, 1745, 2.0, 3.0, 3.0, 2019.0, 42.0, 75.0, 79.0, 67.0, 67.0, 67.0, 45.0, 56.0, 43.0, 74.0, 67.0, 69.0, 49.0, 68.0, 60.0, 77.0, 72.0, 66.0, 93.0, 68.0, 72.0, 28.0, 76.0, 56.0, 65.0, 71.0, 54.0, 26.0, 12.0, 15.0, 9.0, 8.0, 11.0, 9.0
21, 74, 83, Entre_5700_e_8500, 1864, 1.0, 3.0, 3.0, 2020.0, 60.0, 63.0, 40.0, 71.0, 50.0, 82.0, 53.0, 66.0, 70.0, 80.0, 83.0, 80.0, 88.0, 63.0, 85.0, 61.0, 50.0, 87.0, 50.0, 52.0, 50.0, 50.0, 75.0, 72.0, 62.0, 68.0, 67.0, 42.0, 50.0, 14.0, 9.0, 12.0, 14.0, 13.0
21, 74, 82, Entre_5700_e_8500, 1697, 1.0, 3.0, 4.0, 2019.0, 66.0, 68.0, 44.0, 73.0, 52.0, 81.0, 66.0, 49.0, 65.0, 78.0, 79.0, 76.0, 90.0, 63.0, 90.0, 65.0, 44.0, 60.0, 33.0, 67.0, 38.0, 21.0, 71.0, 76.0, 62.0, 76.0, 37.0, 18.0, 19.0, 12.0, 7.0, 8.0, 7.0, 12.0
30, 79, 79, Entre_8500_e_11500, 1975, 2.0, 4.0, 3.0, 2021.0, 53.0, 69.0, 79.0, 83.0, 66.0, 70.0, 66.0, 70.0, 81.0, 81.0, 39.0, 35.0, 51.0, 75.0, 31.0, 81.0, 64.0, 66.0, 84.0, 65.0, 75.0, 78.0, 77.0, 77.0, 73.0, 76.0, 79.0, 79.0, 74.0, 14.0, 11.0, 6.0, 15.0, 8.0
30, 78, 78, Entre_8500_e_11500, 2011, 2.0, 4.0, 4.0, 2020.0, 78.0, 73.0, 59.0, 81.0, 58.0, 77.0, 80.0, 76.0, 80.0, 80.0, 55.0, 50.0, 68.0, 77.0, 67.0, 77.0, 53.0, 55.0, 68.0, 77.0, 72.0, 74.0, 71.0, 78.0, 73.0, 71.0, 58.0, 76.0, 62.0, 11.0, 14.0, 7.0, 12.0, 14.0
28, 78, 79, Entre_8500_e_11500, 1951, 3.0, 3.0, 3.0, 2021.0, 59.0, 42.0, 75.0, 79.0, 40.0, 65.0, 52.0, 62.0, 80.0, 77.0, 61.0, 68.0, 59.0, 74.0, 52.0, 81.0, 74.0, 75.0, 83.0, 69.0, 80.0, 76.0, 52.0, 68.0, 78.0, 80.0, 72.0, 77.0, 71.0, 15.0, 14.0, 8.0, 6.0, 7.0
27, 77, 77, Entre_8500_e_11500, 1888, 2.0, 2.0, 3.0, 2019.0, 77.0, 65.0, 54.0, 74.0, 70.0, 79.0, 74.0, 60.0, 64.0, 77.0, 79.0, 83.0, 83.0, 77.0, 75.0, 74.0, 69.0, 64.0, 56.0, 70.0, 58.0, 29.0, 79.0, 77.0, 63.0, 65.0, 28.0, 26.0, 54.0, 14.0, 13.0, 8.0, 8.0, 7.0
27, 77, 77, Entre_8500_e_11500, 1989, 2.0, 3.0, 4.0, 2021.0, 74.0, 71.0, 56.0, 72.0, 72.0, 77.0, 74.0, 61.0, 68.0, 75.0, 89.0, 90.0, 91.0, 77.0, 87.0, 76.0, 65.0, 86.0, 60.0, 70.0, 70.0, 44.0, 74.0, 70.0, 61.0, 66.0, 42.0, 40.0, 44.0, 15.0, 7.0, 15.0, 10.0, 6.0
27, 77, 77, Entre_8500_e_11500, 2006, 2.0, 4.0, 3.0, 2019.0, 80.0, 78.0, 54.0, 72.0, 68.0, 80.0, 74.0, 61.0, 68.0, 76.0, 77.0, 79.0, 77.0, 78.0, 74.0, 81.0, 75.0, 65.0, 67.0, 84.0, 62.0, 61.0, 74.0, 74.0, 64.0, 66.0, 44.0, 55.0, 52.0, 16.0, 7.0, 14.0, 7.0, 8.0
25, 76, 79, Entre_8500_e_11500, 1904, 1.0, 4.0, 3.0, 2019.0, 70.0, 70.0, 49.0, 80.0, 65.0, 80.0, 70.0, 75.0, 76.0, 80.0, 77.0, 84.0, 80.0, 58.0, 76.0, 72.0, 40.0, 68.0, 51.0, 71.0, 63.0, 35.0, 66.0, 74.0, 56.0, 68.0, 58.0, 55.0, 43.0, 14.0, 15.0, 13.0, 12.0, 8.0
25, 76, 79, Entre_8500_e_11500, 1834, 1.0, 3.0, 3.0, 2021.0, 64.0, 78.0, 74.0, 75.0, 73.0, 78.0, 60.0, 57.0, 53.0, 79.0, 77.0, 77.0, 78.0, 81.0, 78.0, 70.0, 75.0, 70.0, 46.0, 72.0, 57.0, 23.0, 82.0, 69.0, 63.0, 69.0, 25.0, 28.0, 25.0, 11.0, 6.0, 9.0, 12.0, 9.0
24, 76, 83, Entre_8500_e_11500, 1695, 1.0, 3.0, 2.0, 2021.0, 45.0, 35.0, 76.0, 66.0, 27.0, 57.0, 32.0, 34.0, 56.0, 62.0, 60.0, 63.0, 65.0, 73.0, 65.0, 50.0, 90.0, 78.0, 80.0, 33.0, 70.0, 79.0, 34.0, 44.0, 44.0, 70.0, 77.0, 75.0, 72.0, 7.0, 9.0, 7.0, 14.0, 16.0
26, 76, 78, Entre_8500_e_11500, 1862, 2.0, 2.0, 3.0, 2022.0, 65.0, 74.0, 75.0, 72.0, 68.0, 80.0, 74.0, 68.0, 62.0, 78.0, 68.0, 72.0, 59.0, 70.0, 41.0, 77.0, 71.0, 75.0, 86.0, 67.0, 82.0, 29.0, 75.0, 72.0, 66.0, 73.0, 30.0, 39.0, 15.0, 6.0, 12.0, 7.0, 13.0, 14.0
30, 80, 80, Entre_8500_e_11500, 2068, 1.0, 4.0, 4.0, 2021.0, 82.0, 51.0, 69.0, 78.0, 47.0, 77.0, 83.0, 52.0, 71.0, 78.0, 78.0, 80.0, 83.0, 80.0, 81.0, 55.0, 71.0, 89.0, 68.0, 53.0, 69.0, 77.0, 72.0, 75.0, 61.0, 82.0, 70.0, 77.0, 81.0, 16.0, 15.0, 15.0, 7.0, 7.0
26, 78, 80, Entre_8500_e_11500, 1787, 2.0, 3.0, 2.0, 2021.0, 37.0, 25.0, 67.0, 80.0, 35.0, 59.0, 49.0, 53.0, 71.0, 72.0, 53.0, 48.0, 54.0, 72.0, 59.0, 60.0, 65.0, 75.0, 82.0, 43.0, 88.0, 80.0, 48.0, 65.0, 54.0, 72.0, 77.0, 79.0, 74.0, 12.0, 14.0, 10.0, 11.0, 16.0
27, 77, 78, Entre_8500_e_11500, 1885, 1.0, 4.0, 4.0, 2022.0, 63.0, 78.0, 73.0, 70.0, 66.0, 78.0, 64.0, 53.0, 62.0, 78.0, 78.0, 85.0, 76.0, 75.0, 67.0, 76.0, 71.0, 82.0, 81.0, 63.0, 55.0, 47.0, 78.0, 72.0, 67.0, 77.0, 28.0, 25.0, 21.0, 11.0, 8.0, 16.0, 10.0, 8.0
24, 76, 82, Entre_8500_e_11500, 2037, 2.0, 4.0, 3.0, 2020.0, 72.0, 70.0, 58.0, 78.0, 73.0, 79.0, 70.0, 54.0, 72.0, 77.0, 81.0, 82.0, 82.0, 70.0, 74.0, 72.0, 70.0, 89.0, 72.0, 68.0, 50.0, 65.0, 72.0, 74.0, 67.0, 70.0, 69.0, 61.0, 61.0, 15.0, 15.0, 9.0, 9.0, 7.0
22, 76, 82, Entre_8500_e_11500, 2017, 2.0, 4.0, 4.0, 2022.0, 72.0, 65.0, 49.0, 79.0, 63.0, 73.0, 72.0, 54.0, 74.0, 78.0, 78.0, 75.0, 90.0, 76.0, 92.0, 65.0, 62.0, 76.0, 34.0, 59.0, 85.0, 77.0, 75.0, 77.0, 60.0, 77.0, 54.0, 75.0, 71.0, 14.0, 9.0, 14.0, 12.0, 8.0
23, 76, 83, Entre_8500_e_11500, 2018, 1.0, 4.0, 4.0, 2019.0, 68.0, 66.0, 65.0, 78.0, 69.0, 77.0, 69.0, 59.0, 74.0, 79.0, 60.0, 66.0, 69.0, 74.0, 54.0, 77.0, 69.0, 78.0, 78.0, 75.0, 76.0, 72.0, 70.0, 74.0, 61.0, 74.0, 61.0, 72.0, 64.0, 11.0, 13.0, 13.0, 13.0, 14.0
20, 75, 84, Entre_8500_e_11500, 1886, 1.0, 4.0, 3.0, 2022.0, 69.0, 68.0, 51.0, 75.0, 66.0, 83.0, 62.0, 58.0, 67.0, 76.0, 77.0, 80.0, 78.0, 73.0, 74.0, 73.0, 55.0, 71.0, 66.0, 69.0, 63.0, 26.0, 64.0, 72.0, 66.0, 66.0, 54.0, 55.0, 37.0, 6.0, 14.0, 15.0, 9.0, 14.0
25, 79, 83, Entre_8500_e_11500, 1228, 2.0, 3.0, 1.0, 2019.0, 14.0, 18.0, 14.0, 38.0, 14.0, 16.0, 12.0, 14.0, 41.0, 23.0, 55.0, 54.0, 51.0, 75.0, 43.0, 20.0, 74.0, 36.0, 64.0, 16.0, 21.0, 13.0, 8.0, 50.0, 19.0, 60.0, 9.0, 11.0, 13.0, 82.0, 74.0, 78.0, 76.0, 82.0
25, 77, 80, Entre_8500_e_11500, 1824, 2.0, 3.0, 3.0, 2020.0, 60.0, 78.0, 72.0, 66.0, 74.0, 76.0, 66.0, 42.0, 50.0, 79.0, 89.0, 88.0, 81.0, 76.0, 72.0, 72.0, 76.0, 69.0, 69.0, 66.0, 40.0, 30.0, 80.0, 58.0, 66.0, 74.0, 26.0, 20.0, 18.0, 8.0, 14.0, 13.0, 15.0, 15.0
23, 77, 82, Entre_8500_e_11500, 2057, 2.0, 3.0, 3.0, 2022.0, 70.0, 66.0, 68.0, 80.0, 70.0, 78.0, 68.0, 64.0, 76.0, 78.0, 67.0, 68.0, 74.0, 72.0, 68.0, 80.0, 68.0, 79.0, 75.0, 76.0, 74.0, 72.0, 76.0, 74.0, 52.0, 72.0, 71.0, 74.0, 70.0, 11.0, 7.0, 5.0, 12.0, 14.0
28, 79, 79, Maior_que_11500, 2115, 3.0, 3.0, 4.0, 2019.0, 75.0, 70.0, 67.0, 79.0, 72.0, 78.0, 74.0, 75.0, 76.0, 81.0, 81.0, 69.0, 71.0, 80.0, 72.0, 76.0, 73.0, 74.0, 66.0, 71.0, 69.0, 71.0, 76.0, 81.0, 65.0, 78.0, 69.0, 71.0, 70.0, 11.0, 16.0, 12.0, 14.0, 10.0
25, 78, 79, Maior_que_11500, 2009, 1.0, 3.0, 4.0, 2021.0, 72.0, 73.0, 67.0, 76.0, 66.0, 86.0, 82.0, 76.0, 68.0, 79.0, 80.0, 82.0, 87.0, 73.0, 75.0, 76.0, 67.0, 81.0, 70.0, 74.0, 73.0, 31.0, 71.0, 76.0, 54.0, 73.0, 68.0, 37.0, 32.0, 9.0, 9.0, 16.0, 12.0, 11.0
25, 78, 79, Maior_que_11500, 2088, 1.0, 4.0, 4.0, 2022.0, 78.0, 66.0, 72.0, 75.0, 68.0, 78.0, 72.0, 48.0, 68.0, 77.0, 86.0, 89.0, 66.0, 76.0, 67.0, 81.0, 80.0, 79.0, 79.0, 77.0, 71.0, 73.0, 73.0, 72.0, 58.0, 72.0, 72.0, 71.0, 72.0, 8.0, 9.0, 7.0, 10.0, 10.0
25, 78, 80, Maior_que_11500, 1992, 2.0, 3.0, 4.0, 2022.0, 78.0, 60.0, 43.0, 78.0, 49.0, 77.0, 61.0, 60.0, 74.0, 78.0, 86.0, 90.0, 85.0, 72.0, 77.0, 74.0, 65.0, 93.0, 60.0, 66.0, 72.0, 64.0, 68.0, 68.0, 49.0, 76.0, 64.0, 64.0, 68.0, 10.0, 12.0, 10.0, 9.0, 8.0
25, 78, 80, Maior_que_11500, 1876, 2.0, 2.0, 4.0, 2018.0, 75.0, 66.0, 42.0, 78.0, 65.0, 83.0, 80.0, 77.0, 77.0, 83.0, 73.0, 71.0, 90.0, 72.0, 91.0, 83.0, 55.0, 44.0, 38.0, 73.0, 43.0, 35.0, 63.0, 85.0, 71.0, 75.0, 52.0, 30.0, 22.0, 14.0, 16.0, 10.0, 7.0, 12.0
32, 81, 81, Maior_que_11500, 2126, 2.0, 4.0, 3.0, 2020.0, 86.0, 62.0, 66.0, 84.0, 76.0, 76.0, 81.0, 75.0, 81.0, 79.0, 63.0, 62.0, 69.0, 84.0, 73.0, 82.0, 62.0, 91.0, 71.0, 70.0, 82.0, 79.0, 72.0, 79.0, 83.0, 86.0, 74.0, 80.0, 79.0, 1.0, 1.0, 1.0, 1.0, 1.0
30, 80, 80, Maior_que_11500, 2138, 2.0, 3.0, 3.0, 2019.0, 77.0, 67.0, 62.0, 81.0, 70.0, 78.0, 78.0, 77.0, 78.0, 80.0, 67.0, 62.0, 71.0, 80.0, 79.0, 76.0, 70.0, 77.0, 68.0, 74.0, 81.0, 82.0, 73.0, 80.0, 71.0, 82.0, 79.0, 76.0, 71.0, 7.0, 6.0, 14.0, 16.0, 10.0
25, 78, 83, Maior_que_11500, 1947, 1.0, 3.0, 3.0, 2020.0, 60.0, 65.0, 58.0, 82.0, 43.0, 75.0, 52.0, 62.0, 80.0, 79.0, 68.0, 67.0, 71.0, 75.0, 70.0, 62.0, 66.0, 81.0, 68.0, 64.0, 75.0, 77.0, 64.0, 74.0, 45.0, 69.0, 60.0, 77.0, 76.0, 11.0, 11.0, 9.0, 8.0, 12.0
24, 78, 83, Maior_que_11500, 2078, 2.0, 3.0, 3.0, 2022.0, 70.0, 77.0, 54.0, 79.0, 85.0, 78.0, 77.0, 75.0, 78.0, 79.0, 66.0, 64.0, 71.0, 78.0, 67.0, 87.0, 52.0, 77.0, 67.0, 87.0, 66.0, 75.0, 75.0, 74.0, 57.0, 76.0, 75.0, 71.0, 66.0, 11.0, 9.0, 11.0, 10.0, 10.0
25, 79, 81, Maior_que_11500, 1935, 1.0, 3.0, 4.0, 2021.0, 71.0, 72.0, 61.0, 68.0, 60.0, 86.0, 68.0, 73.0, 66.0, 80.0, 91.0, 89.0, 89.0, 75.0, 88.0, 68.0, 60.0, 91.0, 53.0, 70.0, 63.0, 38.0, 70.0, 76.0, 67.0, 75.0, 28.0, 37.0, 38.0, 7.0, 6.0, 7.0, 11.0, 8.0
21, 77, 89, Maior_que_11500, 1916, 1.0, 3.0, 4.0, 2022.0, 58.0, 53.0, 62.0, 83.0, 45.0, 82.0, 46.0, 49.0, 77.0, 83.0, 67.0, 73.0, 68.0, 72.0, 68.0, 63.0, 74.0, 83.0, 67.0, 62.0, 66.0, 66.0, 60.0, 73.0, 50.0, 80.0, 75.0, 72.0, 64.0, 8.0, 7.0, 14.0, 14.0, 12.0
25, 81, 85, Maior_que_11500, 1266, 2.0, 3.0, 1.0, 2019.0, 20.0, 19.0, 14.0, 41.0, 16.0, 12.0, 16.0, 16.0, 32.0, 22.0, 54.0, 52.0, 53.0, 77.0, 58.0, 25.0, 59.0, 28.0, 80.0, 14.0, 26.0, 23.0, 17.0, 34.0, 25.0, 64.0, 11.0, 18.0, 12.0, 83.0, 78.0, 70.0, 77.0, 84.0
23, 80, 85, Maior_que_11500, 1990, 3.0, 3.0, 3.0, 2023.0, 76.0, 52.0, 60.0, 76.0, 41.0, 75.0, 63.0, 50.0, 59.0, 78.0, 94.0, 91.0, 82.0, 78.0, 77.0, 52.0, 63.0, 84.0, 58.0, 43.0, 72.0, 77.0, 67.0, 66.0, 62.0, 70.0, 75.0, 78.0, 80.0, 8.0, 14.0, 14.0, 13.0, 12.0
29, 81, 81, Maior_que_11500, 1948, 3.0, 4.0, 4.0, 2020.0, 65.0, 76.0, 48.0, 83.0, 76.0, 86.0, 74.0, 63.0, 72.0, 83.0, 74.0, 60.0, 87.0, 81.0, 88.0, 54.0, 65.0, 82.0, 39.0, 55.0, 30.0, 59.0, 80.0, 80.0, 80.0, 83.0, 56.0, 53.0, 49.0, 11.0, 9.0, 8.0, 9.0, 13.0
25, 81, 84, Maior_que_11500, 2149, 2.0, 4.0, 3.0, 2022.0, 72.0, 69.0, 62.0, 83.0, 65.0, 81.0, 79.0, 74.0, 83.0, 83.0, 69.0, 70.0, 74.0, 77.0, 74.0, 80.0, 68.0, 84.0, 66.0, 81.0, 79.0, 81.0, 69.0, 80.0, 69.0, 78.0, 75.0, 77.0, 75.0, 8.0, 8.0, 15.0, 11.0, 8.0
22, 80, 88, Maior_que_11500, 1991, 1.0, 3.0, 3.0, 2024.0, 81.0, 45.0, 73.0, 77.0, 48.0, 69.0, 69.0, 30.0, 70.0, 77.0, 80.0, 82.0, 78.0, 77.0, 79.0, 58.0, 71.0, 80.0, 63.0, 59.0, 63.0, 75.0, 68.0, 63.0, 62.0, 69.0, 83.0, 79.0, 80.0, 11.0, 12.0, 10.0, 5.0, 14.0
26, 81, 82, Maior_que_11500, 2128, 2.0, 4.0, 3.0, 2022.0, 72.0, 69.0, 60.0, 86.0, 47.0, 78.0, 81.0, 81.0, 84.0, 84.0, 75.0, 70.0, 82.0, 75.0, 88.0, 78.0, 69.0, 75.0, 63.0, 76.0, 73.0, 74.0, 73.0, 83.0, 67.0, 83.0, 69.0, 73.0, 65.0, 14.0, 13.0, 9.0, 10.0, 12.0
24, 81, 84, Maior_que_11500, 2107, 2.0, 4.0, 3.0, 2022.0, 70.0, 79.0, 56.0, 79.0, 78.0, 79.0, 74.0, 63.0, 67.0, 81.0, 83.0, 77.0, 75.0, 85.0, 79.0, 86.0, 75.0, 84.0, 76.0, 81.0, 70.0, 55.0, 81.0, 79.0, 65.0, 75.0, 58.0, 55.0, 51.0, 11.0, 13.0, 14.0, 15.0, 13.0
24, 81, 85, Maior_que_11500, 1948, 2.0, 4.0, 3.0, 2023.0, 53.0, 85.0, 77.0, 76.0, 84.0, 78.0, 78.0, 63.0, 51.0, 81.0, 82.0, 80.0, 83.0, 84.0, 84.0, 80.0, 75.0, 65.0, 64.0, 68.0, 59.0, 26.0, 86.0, 65.0, 71.0, 82.0, 50.0, 21.0, 26.0, 12.0, 14.0, 14.0, 8.0, 5.0
28, 83, 85, Maior_que_11500, 1855, 2.0, 4.0, 2.0, 2021.0, 70.0, 32.0, 82.0, 80.0, 38.0, 55.0, 55.0, 37.0, 61.0, 78.0, 70.0, 79.0, 60.0, 79.0, 68.0, 54.0, 81.0, 78.0, 79.0, 28.0, 78.0, 81.0, 37.0, 53.0, 45.0, 73.0, 75.0, 86.0, 85.0, 12.0, 7.0, 10.0, 15.0, 7.0
26, 83, 86, Maior_que_11500, 2106, 3.0, 3.0, 4.0, 2022.0, 85.0, 63.0, 72.0, 86.0, 50.0, 78.0, 74.0, 60.0, 78.0, 83.0, 78.0, 79.0, 69.0, 80.0, 74.0, 65.0, 47.0, 85.0, 69.0, 66.0, 68.0, 81.0, 69.0, 83.0, 57.0, 76.0, 75.0, 83.0, 83.0, 14.0, 16.0, 11.0, 15.0, 10.0
22, 83, 88, Maior_que_11500, 1673, 2.0, 4.0, 2.0, 2023.0, 35.0, 20.0, 80.0, 74.0, 24.0, 55.0, 30.0, 27.0, 69.0, 64.0, 64.0, 77.0, 48.0, 82.0, 44.0, 44.0, 72.0, 63.0, 93.0, 25.0, 76.0, 80.0, 27.0, 61.0, 38.0, 75.0, 80.0, 88.0, 84.0, 11.0, 8.0, 7.0, 9.0, 14.0
23, 82, 87, Maior_que_11500, 2023, 3.0, 3.0, 5.0, 2023.0, 81.0, 66.0, 51.0, 78.0, 74.0, 85.0, 82.0, 60.0, 55.0, 83.0, 95.0, 94.0, 94.0, 83.0, 92.0, 72.0, 65.0, 87.0, 48.0, 69.0, 60.0, 43.0, 82.0, 79.0, 66.0, 85.0, 54.0, 46.0, 36.0, 12.0, 9.0, 7.0, 6.0, 9.0
25, 83, 86, Maior_que_11500, 2098, 3.0, 2.0, 4.0, 2021.0, 84.0, 68.0, 53.0, 86.0, 77.0, 83.0, 90.0, 78.0, 89.0, 83.0, 76.0, 74.0, 85.0, 82.0, 78.0, 80.0, 38.0, 86.0, 59.0, 75.0, 71.0, 62.0, 75.0, 88.0, 73.0, 83.0, 52.0, 66.0, 36.0, 11.0, 7.0, 11.0, 8.0, 14.0
27, 86, 86, Maior_que_11500, 2198, 3.0, 3.0, 3.0, 2020.0, 84.0, 55.0, 76.0, 81.0, 68.0, 80.0, 78.0, 59.0, 71.0, 81.0, 83.0, 86.0, 79.0, 84.0, 78.0, 80.0, 79.0, 92.0, 79.0, 72.0, 82.0, 82.0, 70.0, 70.0, 60.0, 82.0, 81.0, 84.0, 84.0, 7.0, 7.0, 9.0, 12.0, 5.0
24, 83, 90, Maior_que_11500, 2142, 2.0, 4.0, 4.0, 2018.0, 78.0, 80.0, 77.0, 81.0, 76.0, 82.0, 86.0, 87.0, 79.0, 84.0, 77.0, 76.0, 76.0, 79.0, 65.0, 84.0, 58.0, 76.0, 72.0, 88.0, 67.0, 58.0, 86.0, 81.0, 71.0, 74.0, 55.0, 62.0, 42.0, 13.0, 11.0, 13.0, 12.0, 10.0
29, 85, 85, Maior_que_11500, 2199, 3.0, 5.0, 4.0, 2022.0, 83.0, 79.0, 80.0, 81.0, 81.0, 84.0, 73.0, 75.0, 77.0, 85.0, 84.0, 88.0, 78.0, 81.0, 74.0, 84.0, 84.0, 89.0, 78.0, 79.0, 65.0, 69.0, 85.0, 79.0, 76.0, 80.0, 64.0, 52.0, 54.0, 6.0, 7.0, 10.0, 9.0, 6.0
26, 86, 88, Maior_que_11500, 2046, 3.0, 3.0, 2.0, 2023.0, 53.0, 52.0, 82.0, 76.0, 45.0, 70.0, 60.0, 70.0, 78.0, 73.0, 74.0, 77.0, 61.0, 85.0, 49.0, 81.0, 85.0, 71.0, 92.0, 64.0, 81.0, 86.0, 41.0, 59.0, 62.0, 83.0, 88.0, 89.0, 84.0, 13.0, 10.0, 13.0, 11.0, 11.0
30, 87, 87, Maior_que_11500, 2188, 3.0, 5.0, 3.0, 2020.0, 78.0, 79.0, 74.0, 88.0, 79.0, 86.0, 80.0, 72.0, 83.0, 87.0, 69.0, 68.0, 76.0, 88.0, 66.0, 82.0, 71.0, 84.0, 67.0, 83.0, 56.0, 72.0, 88.0, 86.0, 70.0, 84.0, 75.0, 73.0, 62.0, 8.0, 6.0, 4.0, 14.0, 14.0
30, 87, 87, Maior_que_11500, 2184, 4.0, 3.0, 3.0, 2021.0, 84.0, 83.0, 58.0, 87.0, 80.0, 84.0, 88.0, 84.0, 90.0, 87.0, 66.0, 59.0, 72.0, 77.0, 66.0, 84.0, 39.0, 84.0, 66.0, 90.0, 67.0, 75.0, 79.0, 86.0, 82.0, 81.0, 72.0, 74.0, 70.0, 14.0, 11.0, 12.0, 5.0, 9.0
23, 86, 89, Maior_que_11500, 2036, 3.0, 3.0, 4.0, 2023.0, 77.0, 77.0, 38.0, 84.0, 67.0, 88.0, 70.0, 63.0, 69.0, 87.0, 95.0, 92.0, 93.0, 87.0, 93.0, 73.0, 57.0, 78.0, 52.0, 73.0, 38.0, 30.0, 87.0, 77.0, 69.0, 77.0, 47.0, 58.0, 54.0, 15.0, 12.0, 12.0, 15.0, 9.0
