@relation fifa_final
@attribute Age integer [17, 37]
@attribute Overall integer [71, 94]
@attribute Potential integer [73, 95]
@attribute Value {Menor_que_5700, Entre_5700_e_8500, Entre_8500_e_11500, Maior_que_11500}
@attribute Special integer [1043, 2346]
@attribute InternationalReputation real [1.0, 5.0]
@attribute WeakFoot real [1.0, 5.0]
@attribute SkillMoves real [1.0, 5.0]
@attribute ContractValidUntil real [2018.0, 2026.0]
@attribute Crossing real [9.0, 93.0]
@attribute Finishing real [5.0, 95.0]
@attribute HeadingAccuracy real [8.0, 93.0]
@attribute ShortPassing real [13.0, 93.0]
@attribute Volleys real [5.0, 90.0]
@attribute Dribbling real [8.0, 97.0]
@attribute Curve real [9.0, 94.0]
@attribute FKAccuracy real [7.0, 94.0]
@attribute LongPassing real [12.0, 93.0]
@attribute BallControl real [11.0, 96.0]
@attribute Acceleration real [29.0, 97.0]
@attribute SprintSpeed real [26.0, 96.0]
@attribute Agility real [21.0, 96.0]
@attribute Reactions real [51.0, 96.0]
@attribute Balance real [22.0, 96.0]
@attribute ShotPower real [12.0, 95.0]
@attribute Jumping real [30.0, 95.0]
@attribute Stamina real [20.0, 96.0]
@attribute Strength real [27.0, 95.0]
@attribute LongShots real [6.0, 94.0]
@attribute Aggression real [11.0, 94.0]
@attribute Interceptions real [7.0, 92.0]
@attribute Positioning real [4.0, 95.0]
@attribute Vision real [11.0, 94.0]
@attribute Penalties real [10.0, 92.0]
@attribute Composure real [25.0, 96.0]
@attribute Marking real [9.0, 94.0]
@attribute StandingTackle real [7.0, 92.0]
@attribute SlidingTackle real [8.0, 91.0]
@attribute GKDiving real [1.0, 90.0]
@attribute GKHandling real [1.0, 92.0]
@attribute GKKicking real [1.0, 91.0]
@attribute GKPositioning real [1.0, 88.0]
@attribute GKReflexes real [1.0, 94.0]
@inputs Age, Overall, Potential, Special, InternationalReputation, WeakFoot, SkillMoves, ContractValidUntil, Crossing, Finishing, HeadingAccuracy, ShortPassing, Volleys, Dribbling, Curve, FKAccuracy, LongPassing, BallControl, Acceleration, SprintSpeed, Agility, Reactions, Balance, ShotPower, Jumping, Stamina, Strength, LongShots, Aggression, Interceptions, Positioning, Vision, Penalties, Composure, Marking, StandingTackle, SlidingTackle, GKDiving, GKHandling, GKKicking, GKPositioning, GKReflexes
@outputs Value
@data
35, 77, 77, Menor_que_5700, 1914, 2.0, 2.0, 4.0, 2019.0, 77.0, 76.0, 70.0, 76.0, 72.0, 82.0, 80.0, 64.0, 72.0, 78.0, 68.0, 69.0, 66.0, 78.0, 73.0, 77.0, 54.0, 54.0, 72.0, 74.0, 61.0, 29.0, 81.0, 77.0, 80.0, 80.0, 40.0, 30.0, 28.0, 12.0, 6.0, 11.0, 15.0, 12.0
30, 74, 74, Menor_que_5700, 1823, 1.0, 3.0, 3.0, 2019.0, 74.0, 29.0, 60.0, 74.0, 16.0, 68.0, 64.0, 35.0, 70.0, 74.0, 63.0, 68.0, 67.0, 72.0, 64.0, 58.0, 70.0, 69.0, 73.0, 53.0, 70.0, 76.0, 63.0, 65.0, 40.0, 68.0, 78.0, 78.0, 75.0, 13.0, 12.0, 10.0, 8.0, 14.0
26, 73, 76, Menor_que_5700, 1871, 1.0, 3.0, 3.0, 2019.0, 68.0, 38.0, 57.0, 69.0, 40.0, 68.0, 65.0, 50.0, 66.0, 69.0, 79.0, 82.0, 73.0, 71.0, 70.0, 67.0, 78.0, 78.0, 66.0, 60.0, 73.0, 81.0, 55.0, 53.0, 46.0, 72.0, 60.0, 71.0, 73.0, 10.0, 13.0, 9.0, 5.0, 8.0
28, 73, 73, Menor_que_5700, 1826, 1.0, 4.0, 3.0, 2021.0, 50.0, 72.0, 65.0, 71.0, 64.0, 74.0, 41.0, 55.0, 58.0, 74.0, 80.0, 79.0, 81.0, 75.0, 74.0, 69.0, 83.0, 68.0, 69.0, 62.0, 55.0, 45.0, 77.0, 68.0, 68.0, 68.0, 26.0, 39.0, 24.0, 14.0, 12.0, 7.0, 14.0, 13.0
24, 72, 77, Menor_que_5700, 1890, 1.0, 4.0, 3.0, 2022.0, 56.0, 55.0, 63.0, 75.0, 57.0, 69.0, 62.0, 50.0, 74.0, 72.0, 65.0, 67.0, 64.0, 70.0, 59.0, 79.0, 70.0, 65.0, 69.0, 73.0, 64.0, 67.0, 71.0, 70.0, 50.0, 70.0, 64.0, 68.0, 66.0, 12.0, 12.0, 5.0, 13.0, 14.0
30, 74, 74, Menor_que_5700, 1952, 1.0, 3.0, 2.0, 2019.0, 74.0, 56.0, 72.0, 72.0, 68.0, 54.0, 69.0, 68.0, 68.0, 56.0, 70.0, 53.0, 66.0, 74.0, 64.0, 73.0, 73.0, 83.0, 77.0, 61.0, 69.0, 75.0, 58.0, 58.0, 65.0, 70.0, 78.0, 74.0, 73.0, 6.0, 8.0, 14.0, 11.0, 12.0
30, 74, 74, Menor_que_5700, 1991, 1.0, 3.0, 2.0, 2022.0, 77.0, 59.0, 62.0, 77.0, 49.0, 59.0, 81.0, 80.0, 78.0, 76.0, 69.0, 66.0, 76.0, 65.0, 68.0, 72.0, 80.0, 84.0, 72.0, 71.0, 67.0, 69.0, 57.0, 74.0, 49.0, 64.0, 61.0, 75.0, 72.0, 9.0, 8.0, 7.0, 16.0, 6.0
26, 73, 76, Menor_que_5700, 2000, 2.0, 4.0, 3.0, 2019.0, 67.0, 61.0, 70.0, 74.0, 64.0, 68.0, 74.0, 61.0, 72.0, 70.0, 68.0, 68.0, 63.0, 67.0, 63.0, 76.0, 75.0, 84.0, 75.0, 68.0, 72.0, 73.0, 72.0, 67.0, 59.0, 70.0, 72.0, 72.0, 70.0, 12.0, 11.0, 11.0, 9.0, 12.0
27, 73, 73, Menor_que_5700, 1929, 2.0, 4.0, 3.0, 2019.0, 75.0, 70.0, 67.0, 68.0, 71.0, 73.0, 79.0, 66.0, 67.0, 74.0, 83.0, 81.0, 75.0, 65.0, 74.0, 80.0, 67.0, 66.0, 80.0, 74.0, 80.0, 35.0, 76.0, 66.0, 65.0, 70.0, 42.0, 29.0, 28.0, 16.0, 10.0, 6.0, 14.0, 7.0
25, 73, 76, Menor_que_5700, 1894, 1.0, 3.0, 3.0, 2022.0, 59.0, 50.0, 58.0, 78.0, 59.0, 72.0, 49.0, 48.0, 73.0, 74.0, 65.0, 69.0, 69.0, 71.0, 64.0, 75.0, 66.0, 57.0, 67.0, 59.0, 82.0, 71.0, 54.0, 72.0, 73.0, 71.0, 72.0, 70.0, 63.0, 12.0, 9.0, 12.0, 9.0, 13.0
27, 73, 73, Menor_que_5700, 1948, 1.0, 4.0, 3.0, 2022.0, 71.0, 67.0, 60.0, 76.0, 68.0, 74.0, 65.0, 67.0, 70.0, 72.0, 68.0, 74.0, 66.0, 68.0, 63.0, 67.0, 72.0, 91.0, 68.0, 68.0, 56.0, 68.0, 64.0, 72.0, 65.0, 69.0, 67.0, 66.0, 57.0, 6.0, 9.0, 9.0, 8.0, 6.0
22, 72, 77, Menor_que_5700, 1789, 1.0, 3.0, 3.0, 2021.0, 73.0, 66.0, 61.0, 69.0, 69.0, 73.0, 66.0, 59.0, 64.0, 71.0, 85.0, 82.0, 90.0, 69.0, 84.0, 71.0, 42.0, 67.0, 51.0, 69.0, 55.0, 29.0, 66.0, 62.0, 64.0, 61.0, 31.0, 22.0, 21.0, 12.0, 7.0, 14.0, 10.0, 15.0
24, 72, 77, Menor_que_5700, 1763, 1.0, 3.0, 3.0, 2023.0, 64.0, 69.0, 46.0, 68.0, 44.0, 76.0, 51.0, 38.0, 60.0, 70.0, 84.0, 83.0, 84.0, 68.0, 75.0, 73.0, 57.0, 73.0, 61.0, 57.0, 48.0, 47.0, 75.0, 67.0, 52.0, 64.0, 44.0, 38.0, 31.0, 9.0, 10.0, 15.0, 10.0, 16.0
29, 74, 74, Menor_que_5700, 2016, 1.0, 3.0, 3.0, 2021.0, 64.0, 53.0, 66.0, 70.0, 47.0, 73.0, 53.0, 59.0, 68.0, 72.0, 86.0, 85.0, 77.0, 71.0, 79.0, 74.0, 74.0, 85.0, 74.0, 69.0, 87.0, 70.0, 69.0, 62.0, 72.0, 61.0, 60.0, 72.0, 74.0, 7.0, 10.0, 14.0, 9.0, 11.0
26, 73, 73, Menor_que_5700, 1753, 1.0, 3.0, 4.0, 2020.0, 74.0, 66.0, 46.0, 73.0, 64.0, 78.0, 69.0, 42.0, 62.0, 75.0, 75.0, 74.0, 71.0, 72.0, 68.0, 75.0, 45.0, 76.0, 64.0, 71.0, 58.0, 20.0, 76.0, 66.0, 61.0, 76.0, 23.0, 30.0, 26.0, 7.0, 9.0, 13.0, 14.0, 10.0
26, 73, 73, Menor_que_5700, 1808, 1.0, 2.0, 3.0, 2021.0, 66.0, 66.0, 54.0, 71.0, 64.0, 79.0, 75.0, 74.0, 65.0, 76.0, 76.0, 75.0, 81.0, 73.0, 76.0, 58.0, 51.0, 71.0, 63.0, 68.0, 62.0, 31.0, 68.0, 61.0, 58.0, 69.0, 35.0, 42.0, 31.0, 7.0, 8.0, 9.0, 6.0, 8.0
31, 75, 75, Menor_que_5700, 1946, 1.0, 2.0, 2.0, 2019.0, 73.0, 42.0, 72.0, 72.0, 46.0, 61.0, 65.0, 78.0, 58.0, 72.0, 69.0, 74.0, 59.0, 76.0, 56.0, 72.0, 79.0, 87.0, 74.0, 73.0, 76.0, 69.0, 53.0, 61.0, 52.0, 68.0, 83.0, 72.0, 68.0, 13.0, 13.0, 7.0, 7.0, 14.0
32, 74, 74, Menor_que_5700, 1873, 1.0, 3.0, 4.0, 2023.0, 71.0, 50.0, 46.0, 77.0, 64.0, 76.0, 76.0, 68.0, 75.0, 80.0, 76.0, 73.0, 77.0, 72.0, 69.0, 58.0, 54.0, 74.0, 61.0, 59.0, 54.0, 66.0, 72.0, 77.0, 60.0, 72.0, 52.0, 62.0, 54.0, 4.0, 4.0, 4.0, 4.0, 4.0
21, 72, 82, Menor_que_5700, 1865, 1.0, 2.0, 3.0, 2023.0, 61.0, 49.0, 69.0, 68.0, 46.0, 71.0, 57.0, 40.0, 65.0, 70.0, 66.0, 68.0, 62.0, 68.0, 62.0, 77.0, 63.0, 88.0, 80.0, 70.0, 80.0, 70.0, 57.0, 60.0, 41.0, 66.0, 73.0, 70.0, 65.0, 11.0, 11.0, 9.0, 11.0, 7.0
34, 77, 77, Menor_que_5700, 1850, 2.0, 4.0, 4.0, 2019.0, 71.0, 62.0, 60.0, 86.0, 55.0, 76.0, 71.0, 67.0, 71.0, 78.0, 67.0, 69.0, 77.0, 72.0, 78.0, 73.0, 48.0, 71.0, 63.0, 69.0, 57.0, 46.0, 62.0, 86.0, 76.0, 73.0, 29.0, 39.0, 21.0, 14.0, 11.0, 6.0, 8.0, 11.0
24, 73, 78, Menor_que_5700, 1849, 1.0, 2.0, 3.0, 2021.0, 73.0, 37.0, 71.0, 68.0, 33.0, 66.0, 66.0, 71.0, 66.0, 71.0, 69.0, 66.0, 68.0, 66.0, 58.0, 67.0, 62.0, 72.0, 80.0, 48.0, 64.0, 73.0, 51.0, 54.0, 57.0, 71.0, 71.0, 75.0, 77.0, 7.0, 7.0, 13.0, 12.0, 10.0
25, 73, 78, Menor_que_5700, 1725, 1.0, 2.0, 2.0, 2022.0, 54.0, 45.0, 76.0, 75.0, 33.0, 50.0, 62.0, 60.0, 76.0, 57.0, 57.0, 74.0, 52.0, 71.0, 55.0, 62.0, 70.0, 70.0, 76.0, 51.0, 70.0, 68.0, 24.0, 41.0, 39.0, 66.0, 72.0, 74.0, 71.0, 10.0, 5.0, 5.0, 10.0, 10.0
22, 73, 78, Menor_que_5700, 1520, 1.0, 3.0, 2.0, 2019.0, 25.0, 16.0, 74.0, 67.0, 28.0, 53.0, 27.0, 21.0, 54.0, 66.0, 62.0, 58.0, 57.0, 68.0, 41.0, 35.0, 79.0, 68.0, 82.0, 32.0, 81.0, 70.0, 27.0, 32.0, 31.0, 69.0, 66.0, 73.0, 74.0, 10.0, 7.0, 14.0, 7.0, 15.0
28, 74, 74, Menor_que_5700, 1969, 1.0, 4.0, 2.0, 2019.0, 44.0, 56.0, 65.0, 71.0, 60.0, 65.0, 42.0, 52.0, 68.0, 67.0, 65.0, 64.0, 66.0, 72.0, 71.0, 85.0, 81.0, 84.0, 76.0, 75.0, 86.0, 73.0, 61.0, 65.0, 64.0, 68.0, 78.0, 75.0, 74.0, 15.0, 15.0, 7.0, 12.0, 15.0
29, 74, 76, Menor_que_5700, 1194, 1.0, 3.0, 1.0, 2020.0, 19.0, 14.0, 16.0, 30.0, 13.0, 17.0, 15.0, 18.0, 21.0, 23.0, 38.0, 35.0, 67.0, 72.0, 62.0, 16.0, 53.0, 31.0, 64.0, 17.0, 39.0, 14.0, 10.0, 69.0, 17.0, 66.0, 11.0, 19.0, 13.0, 74.0, 71.0, 69.0, 73.0, 74.0
21, 72, 80, Menor_que_5700, 1748, 1.0, 3.0, 4.0, 2021.0, 70.0, 70.0, 56.0, 72.0, 65.0, 79.0, 65.0, 59.0, 65.0, 75.0, 79.0, 78.0, 80.0, 59.0, 68.0, 69.0, 55.0, 59.0, 55.0, 69.0, 36.0, 29.0, 65.0, 70.0, 66.0, 64.0, 30.0, 30.0, 29.0, 9.0, 6.0, 13.0, 7.0, 11.0
22, 72, 80, Menor_que_5700, 1729, 1.0, 3.0, 4.0, 2019.0, 75.0, 74.0, 54.0, 74.0, 59.0, 77.0, 76.0, 70.0, 70.0, 76.0, 72.0, 65.0, 88.0, 66.0, 91.0, 65.0, 74.0, 38.0, 32.0, 70.0, 36.0, 15.0, 68.0, 73.0, 62.0, 68.0, 23.0, 22.0, 11.0, 11.0, 14.0, 6.0, 15.0, 7.0
22, 72, 80, Menor_que_5700, 1817, 1.0, 3.0, 3.0, 2019.0, 72.0, 69.0, 59.0, 70.0, 59.0, 73.0, 74.0, 64.0, 67.0, 70.0, 85.0, 86.0, 77.0, 64.0, 60.0, 77.0, 75.0, 65.0, 74.0, 70.0, 47.0, 21.0, 72.0, 60.0, 55.0, 64.0, 47.0, 30.0, 25.0, 9.0, 6.0, 13.0, 6.0, 16.0
34, 77, 77, Menor_que_5700, 1792, 3.0, 4.0, 2.0, 2019.0, 63.0, 80.0, 79.0, 68.0, 81.0, 62.0, 72.0, 66.0, 44.0, 69.0, 50.0, 57.0, 58.0, 79.0, 62.0, 80.0, 77.0, 53.0, 78.0, 73.0, 69.0, 27.0, 84.0, 66.0, 62.0, 81.0, 32.0, 33.0, 23.0, 7.0, 12.0, 6.0, 9.0, 11.0
33, 76, 76, Menor_que_5700, 1926, 2.0, 2.0, 4.0, 2020.0, 74.0, 72.0, 39.0, 73.0, 72.0, 78.0, 73.0, 75.0, 65.0, 76.0, 78.0, 77.0, 80.0, 75.0, 90.0, 69.0, 52.0, 85.0, 60.0, 78.0, 49.0, 37.0, 73.0, 78.0, 64.0, 74.0, 62.0, 40.0, 32.0, 9.0, 16.0, 13.0, 6.0, 6.0
26, 73, 74, Menor_que_5700, 1968, 1.0, 4.0, 4.0, 2019.0, 54.0, 59.0, 55.0, 75.0, 70.0, 75.0, 42.0, 53.0, 74.0, 76.0, 82.0, 79.0, 81.0, 71.0, 81.0, 61.0, 73.0, 90.0, 74.0, 57.0, 64.0, 65.0, 66.0, 72.0, 61.0, 74.0, 64.0, 63.0, 60.0, 15.0, 16.0, 15.0, 16.0, 9.0
21, 72, 80, Menor_que_5700, 1787, 1.0, 3.0, 3.0, 2020.0, 59.0, 74.0, 69.0, 57.0, 59.0, 74.0, 68.0, 57.0, 47.0, 69.0, 77.0, 76.0, 75.0, 73.0, 76.0, 76.0, 79.0, 78.0, 69.0, 59.0, 43.0, 29.0, 67.0, 56.0, 66.0, 64.0, 49.0, 30.0, 28.0, 12.0, 16.0, 7.0, 7.0, 6.0
30, 75, 75, Menor_que_5700, 1911, 1.0, 4.0, 3.0, 2019.0, 78.0, 41.0, 71.0, 70.0, 50.0, 67.0, 76.0, 33.0, 69.0, 72.0, 73.0, 75.0, 68.0, 71.0, 69.0, 61.0, 78.0, 85.0, 71.0, 54.0, 78.0, 74.0, 54.0, 62.0, 44.0, 69.0, 68.0, 76.0, 74.0, 15.0, 10.0, 7.0, 6.0, 11.0
23, 73, 80, Menor_que_5700, 1837, 1.0, 2.0, 3.0, 2021.0, 67.0, 58.0, 72.0, 69.0, 38.0, 65.0, 63.0, 53.0, 72.0, 67.0, 67.0, 67.0, 61.0, 71.0, 63.0, 69.0, 70.0, 73.0, 77.0, 58.0, 73.0, 70.0, 36.0, 61.0, 37.0, 68.0, 74.0, 72.0, 73.0, 6.0, 10.0, 9.0, 7.0, 9.0
23, 73, 80, Menor_que_5700, 1701, 1.0, 3.0, 2.0, 2022.0, 49.0, 40.0, 71.0, 68.0, 39.0, 59.0, 38.0, 50.0, 68.0, 67.0, 63.0, 59.0, 62.0, 68.0, 56.0, 49.0, 53.0, 63.0, 76.0, 39.0, 70.0, 75.0, 29.0, 57.0, 54.0, 63.0, 74.0, 76.0, 73.0, 7.0, 15.0, 12.0, 11.0, 11.0
21, 72, 81, Menor_que_5700, 1947, 1.0, 3.0, 3.0, 2022.0, 68.0, 52.0, 54.0, 78.0, 68.0, 78.0, 77.0, 68.0, 74.0, 78.0, 78.0, 70.0, 78.0, 64.0, 78.0, 67.0, 78.0, 78.0, 53.0, 75.0, 70.0, 58.0, 62.0, 68.0, 65.0, 64.0, 69.0, 54.0, 48.0, 8.0, 7.0, 9.0, 7.0, 8.0
30, 75, 75, Menor_que_5700, 1543, 1.0, 3.0, 2.0, 2019.0, 24.0, 29.0, 81.0, 66.0, 32.0, 27.0, 38.0, 26.0, 68.0, 52.0, 48.0, 46.0, 33.0, 73.0, 31.0, 64.0, 58.0, 65.0, 84.0, 35.0, 73.0, 74.0, 37.0, 54.0, 39.0, 73.0, 75.0, 76.0, 74.0, 15.0, 10.0, 11.0, 15.0, 10.0
30, 75, 75, Menor_que_5700, 1943, 1.0, 3.0, 3.0, 2020.0, 61.0, 49.0, 75.0, 76.0, 42.0, 69.0, 80.0, 73.0, 77.0, 75.0, 40.0, 43.0, 60.0, 74.0, 63.0, 75.0, 82.0, 72.0, 75.0, 68.0, 69.0, 75.0, 65.0, 72.0, 66.0, 80.0, 75.0, 75.0, 73.0, 6.0, 15.0, 10.0, 7.0, 6.0
30, 75, 75, Menor_que_5700, 1643, 1.0, 4.0, 2.0, 2022.0, 59.0, 42.0, 75.0, 61.0, 22.0, 46.0, 35.0, 27.0, 65.0, 56.0, 66.0, 72.0, 54.0, 70.0, 43.0, 43.0, 85.0, 66.0, 83.0, 35.0, 76.0, 79.0, 29.0, 44.0, 32.0, 70.0, 71.0, 77.0, 66.0, 13.0, 11.0, 10.0, 16.0, 14.0
31, 74, 74, Menor_que_5700, 1913, 1.0, 3.0, 3.0, 2020.0, 69.0, 70.0, 67.0, 73.0, 56.0, 73.0, 70.0, 54.0, 65.0, 73.0, 83.0, 84.0, 83.0, 70.0, 66.0, 71.0, 68.0, 75.0, 71.0, 70.0, 67.0, 50.0, 74.0, 72.0, 60.0, 73.0, 37.0, 47.0, 39.0, 14.0, 11.0, 8.0, 11.0, 12.0
25, 73, 76, Menor_que_5700, 1970, 1.0, 3.0, 3.0, 2022.0, 65.0, 64.0, 55.0, 75.0, 61.0, 72.0, 61.0, 64.0, 73.0, 75.0, 73.0, 68.0, 72.0, 70.0, 78.0, 73.0, 71.0, 77.0, 66.0, 70.0, 66.0, 74.0, 65.0, 70.0, 60.0, 70.0, 67.0, 67.0, 66.0, 8.0, 15.0, 9.0, 7.0, 13.0
25, 86, 91, Menor_que_5700, 1895, 3.0, 3.0, 2.0, 2022.0, 36.0, 40.0, 83.0, 75.0, 42.0, 57.0, 46.0, 54.0, 76.0, 77.0, 83.0, 85.0, 63.0, 83.0, 40.0, 52.0, 79.0, 73.0, 84.0, 53.0, 77.0, 82.0, 44.0, 56.0, 43.0, 82.0, 87.0, 88.0, 87.0, 11.0, 11.0, 9.0, 5.0, 14.0
33, 77, 77, Menor_que_5700, 1965, 1.0, 4.0, 3.0, 2019.0, 75.0, 69.0, 62.0, 78.0, 71.0, 73.0, 77.0, 78.0, 75.0, 77.0, 69.0, 57.0, 71.0, 79.0, 75.0, 75.0, 65.0, 65.0, 62.0, 79.0, 65.0, 43.0, 76.0, 81.0, 68.0, 77.0, 52.0, 47.0, 40.0, 7.0, 16.0, 11.0, 12.0, 15.0
31, 77, 77, Menor_que_5700, 1112, 1.0, 2.0, 1.0, 2022.0, 10.0, 9.0, 10.0, 29.0, 10.0, 10.0, 9.0, 10.0, 30.0, 28.0, 41.0, 49.0, 32.0, 74.0, 32.0, 22.0, 72.0, 38.0, 68.0, 8.0, 35.0, 13.0, 6.0, 27.0, 24.0, 61.0, 10.0, 12.0, 13.0, 78.0, 75.0, 74.0, 75.0, 79.0
30, 76, 76, Menor_que_5700, 1529, 1.0, 2.0, 2.0, 2019.0, 30.0, 25.0, 82.0, 61.0, 20.0, 51.0, 25.0, 33.0, 63.0, 60.0, 35.0, 33.0, 33.0, 70.0, 34.0, 59.0, 77.0, 64.0, 91.0, 40.0, 76.0, 76.0, 23.0, 32.0, 42.0, 67.0, 77.0, 78.0, 70.0, 15.0, 12.0, 13.0, 14.0, 15.0
30, 76, 76, Menor_que_5700, 1727, 1.0, 3.0, 2.0, 2021.0, 56.0, 30.0, 73.0, 66.0, 49.0, 58.0, 62.0, 49.0, 76.0, 62.0, 49.0, 60.0, 51.0, 67.0, 53.0, 60.0, 51.0, 61.0, 83.0, 42.0, 84.0, 75.0, 40.0, 36.0, 42.0, 70.0, 82.0, 77.0, 73.0, 12.0, 12.0, 12.0, 13.0, 11.0
28, 75, 76, Menor_que_5700, 1133, 1.0, 2.0, 1.0, 2022.0, 12.0, 11.0, 12.0, 15.0, 13.0, 15.0, 11.0, 20.0, 26.0, 25.0, 46.0, 50.0, 43.0, 66.0, 39.0, 36.0, 64.0, 25.0, 69.0, 11.0, 23.0, 22.0, 13.0, 41.0, 15.0, 54.0, 11.0, 11.0, 14.0, 79.0, 70.0, 76.0, 71.0, 78.0
28, 75, 75, Menor_que_5700, 1932, 1.0, 3.0, 2.0, 2023.0, 66.0, 43.0, 68.0, 68.0, 42.0, 55.0, 65.0, 47.0, 78.0, 75.0, 72.0, 53.0, 71.0, 75.0, 75.0, 78.0, 76.0, 78.0, 69.0, 77.0, 78.0, 77.0, 50.0, 55.0, 58.0, 68.0, 75.0, 77.0, 78.0, 15.0, 6.0, 10.0, 9.0, 13.0
31, 75, 75, Menor_que_5700, 1951, 1.0, 4.0, 3.0, 2019.0, 60.0, 45.0, 72.0, 80.0, 49.0, 71.0, 68.0, 58.0, 76.0, 77.0, 75.0, 61.0, 71.0, 65.0, 64.0, 59.0, 91.0, 85.0, 82.0, 57.0, 74.0, 70.0, 70.0, 73.0, 41.0, 68.0, 65.0, 73.0, 69.0, 7.0, 6.0, 14.0, 15.0, 8.0
30, 74, 74, Menor_que_5700, 1710, 1.0, 3.0, 3.0, 2018.0, 43.0, 75.0, 83.0, 66.0, 67.0, 68.0, 59.0, 55.0, 51.0, 69.0, 66.0, 64.0, 60.0, 64.0, 32.0, 75.0, 71.0, 67.0, 90.0, 64.0, 71.0, 39.0, 76.0, 53.0, 69.0, 60.0, 17.0, 30.0, 21.0, 11.0, 7.0, 9.0, 9.0, 9.0
30, 74, 74, Menor_que_5700, 1803, 2.0, 3.0, 3.0, 2019.0, 72.0, 66.0, 53.0, 69.0, 68.0, 77.0, 67.0, 47.0, 54.0, 76.0, 95.0, 93.0, 86.0, 67.0, 80.0, 70.0, 64.0, 74.0, 65.0, 57.0, 58.0, 24.0, 72.0, 63.0, 63.0, 65.0, 27.0, 30.0, 30.0, 11.0, 5.0, 9.0, 6.0, 5.0
28, 74, 74, Menor_que_5700, 1962, 1.0, 3.0, 4.0, 2020.0, 62.0, 78.0, 57.0, 68.0, 64.0, 77.0, 71.0, 61.0, 61.0, 75.0, 87.0, 86.0, 88.0, 66.0, 76.0, 75.0, 74.0, 82.0, 68.0, 71.0, 71.0, 43.0, 76.0, 66.0, 70.0, 74.0, 55.0, 42.0, 40.0, 6.0, 8.0, 12.0, 16.0, 10.0
30, 74, 74, Menor_que_5700, 1933, 1.0, 4.0, 3.0, 2020.0, 68.0, 73.0, 72.0, 68.0, 75.0, 69.0, 74.0, 76.0, 62.0, 75.0, 75.0, 76.0, 79.0, 71.0, 81.0, 75.0, 87.0, 72.0, 72.0, 71.0, 75.0, 29.0, 74.0, 68.0, 68.0, 69.0, 45.0, 27.0, 20.0, 8.0, 15.0, 15.0, 10.0, 8.0
30, 74, 74, Menor_que_5700, 1850, 1.0, 4.0, 4.0, 2021.0, 74.0, 57.0, 71.0, 75.0, 55.0, 74.0, 81.0, 76.0, 73.0, 75.0, 75.0, 67.0, 77.0, 78.0, 62.0, 71.0, 56.0, 67.0, 74.0, 75.0, 54.0, 54.0, 73.0, 75.0, 69.0, 72.0, 18.0, 29.0, 21.0, 9.0, 8.0, 8.0, 7.0, 12.0
28, 74, 74, Menor_que_5700, 1985, 2.0, 2.0, 3.0, 2022.0, 65.0, 59.0, 69.0, 77.0, 59.0, 68.0, 69.0, 58.0, 73.0, 75.0, 65.0, 61.0, 65.0, 74.0, 72.0, 72.0, 69.0, 84.0, 77.0, 70.0, 78.0, 72.0, 61.0, 69.0, 57.0, 78.0, 78.0, 72.0, 66.0, 9.0, 15.0, 8.0, 10.0, 9.0
30, 74, 74, Menor_que_5700, 1767, 1.0, 3.0, 3.0, 2022.0, 62.0, 77.0, 72.0, 65.0, 72.0, 67.0, 64.0, 60.0, 46.0, 69.0, 78.0, 75.0, 77.0, 69.0, 64.0, 72.0, 46.0, 70.0, 72.0, 62.0, 55.0, 22.0, 79.0, 53.0, 79.0, 64.0, 29.0, 27.0, 24.0, 10.0, 15.0, 12.0, 12.0, 11.0
26, 74, 77, Menor_que_5700, 1929, 1.0, 3.0, 3.0, 2023.0, 75.0, 34.0, 61.0, 69.0, 32.0, 74.0, 72.0, 60.0, 69.0, 70.0, 78.0, 86.0, 72.0, 76.0, 71.0, 61.0, 72.0, 74.0, 68.0, 57.0, 72.0, 68.0, 67.0, 65.0, 52.0, 73.0, 72.0, 74.0, 75.0, 14.0, 13.0, 10.0, 7.0, 9.0
24, 73, 78, Menor_que_5700, 1876, 1.0, 3.0, 3.0, 2020.0, 65.0, 76.0, 65.0, 78.0, 66.0, 72.0, 73.0, 71.0, 70.0, 73.0, 68.0, 69.0, 62.0, 67.0, 65.0, 76.0, 55.0, 74.0, 73.0, 72.0, 54.0, 34.0, 72.0, 73.0, 70.0, 71.0, 32.0, 50.0, 53.0, 14.0, 8.0, 14.0, 6.0, 6.0
24, 73, 78, Menor_que_5700, 1834, 1.0, 3.0, 3.0, 2021.0, 75.0, 69.0, 52.0, 74.0, 60.0, 75.0, 69.0, 77.0, 72.0, 75.0, 67.0, 69.0, 75.0, 64.0, 74.0, 75.0, 60.0, 65.0, 49.0, 73.0, 42.0, 38.0, 73.0, 72.0, 66.0, 68.0, 44.0, 45.0, 39.0, 8.0, 6.0, 12.0, 14.0, 6.0
22, 73, 79, Menor_que_5700, 1810, 1.0, 3.0, 3.0, 2023.0, 69.0, 68.0, 42.0, 73.0, 53.0, 76.0, 69.0, 64.0, 69.0, 74.0, 82.0, 78.0, 85.0, 65.0, 86.0, 62.0, 57.0, 69.0, 42.0, 63.0, 48.0, 29.0, 69.0, 72.0, 60.0, 67.0, 43.0, 41.0, 49.0, 13.0, 13.0, 9.0, 9.0, 9.0
21, 73, 85, Menor_que_5700, 1120, 1.0, 2.0, 1.0, 2019.0, 13.0, 16.0, 19.0, 29.0, 18.0, 19.0, 12.0, 12.0, 19.0, 18.0, 55.0, 49.0, 53.0, 51.0, 51.0, 23.0, 65.0, 25.0, 55.0, 19.0, 24.0, 11.0, 9.0, 30.0, 22.0, 56.0, 10.0, 10.0, 10.0, 78.0, 72.0, 72.0, 73.0, 78.0
20, 73, 83, Menor_que_5700, 1610, 1.0, 3.0, 2.0, 2019.0, 31.0, 32.0, 68.0, 62.0, 34.0, 51.0, 48.0, 23.0, 61.0, 53.0, 56.0, 65.0, 61.0, 63.0, 56.0, 60.0, 68.0, 69.0, 82.0, 38.0, 71.0, 77.0, 26.0, 38.0, 41.0, 61.0, 74.0, 77.0, 73.0, 15.0, 7.0, 13.0, 6.0, 11.0
20, 72, 85, Menor_que_5700, 1750, 1.0, 3.0, 3.0, 2022.0, 41.0, 43.0, 73.0, 71.0, 43.0, 66.0, 41.0, 47.0, 49.0, 69.0, 71.0, 71.0, 72.0, 73.0, 72.0, 56.0, 72.0, 65.0, 71.0, 39.0, 58.0, 72.0, 46.0, 52.0, 47.0, 57.0, 70.0, 75.0, 72.0, 8.0, 15.0, 7.0, 14.0, 9.0
29, 77, 77, Entre_5700_e_8500, 2016, 2.0, 2.0, 2.0, 2020.0, 81.0, 50.0, 68.0, 77.0, 47.0, 73.0, 61.0, 70.0, 74.0, 74.0, 66.0, 76.0, 65.0, 76.0, 62.0, 75.0, 75.0, 79.0, 77.0, 64.0, 76.0, 74.0, 66.0, 60.0, 70.0, 74.0, 74.0, 79.0, 78.0, 12.0, 14.0, 7.0, 6.0, 10.0
30, 77, 77, Entre_5700_e_8500, 2055, 2.0, 4.0, 3.0, 2021.0, 62.0, 75.0, 68.0, 79.0, 72.0, 71.0, 68.0, 69.0, 78.0, 77.0, 56.0, 58.0, 64.0, 77.0, 59.0, 80.0, 65.0, 75.0, 76.0, 79.0, 68.0, 77.0, 76.0, 73.0, 75.0, 81.0, 74.0, 76.0, 74.0, 9.0, 16.0, 7.0, 9.0, 13.0
30, 77, 77, Entre_5700_e_8500, 1957, 2.0, 2.0, 2.0, 2021.0, 73.0, 37.0, 68.0, 74.0, 47.0, 63.0, 73.0, 67.0, 63.0, 69.0, 74.0, 78.0, 65.0, 77.0, 63.0, 74.0, 75.0, 82.0, 75.0, 60.0, 81.0, 78.0, 54.0, 52.0, 46.0, 72.0, 75.0, 78.0, 80.0, 14.0, 10.0, 15.0, 9.0, 8.0
30, 77, 77, Entre_5700_e_8500, 1693, 2.0, 3.0, 2.0, 2022.0, 51.0, 25.0, 77.0, 68.0, 30.0, 61.0, 51.0, 36.0, 67.0, 59.0, 59.0, 64.0, 57.0, 70.0, 54.0, 68.0, 74.0, 64.0, 80.0, 46.0, 72.0, 80.0, 33.0, 50.0, 39.0, 69.0, 76.0, 81.0, 80.0, 5.0, 3.0, 5.0, 4.0, 4.0
31, 76, 76, Entre_5700_e_8500, 2009, 2.0, 3.0, 3.0, 2021.0, 71.0, 60.0, 62.0, 77.0, 68.0, 74.0, 71.0, 67.0, 79.0, 76.0, 42.0, 45.0, 62.0, 73.0, 72.0, 74.0, 57.0, 78.0, 70.0, 68.0, 85.0, 73.0, 64.0, 78.0, 88.0, 77.0, 71.0, 74.0, 76.0, 7.0, 6.0, 14.0, 16.0, 11.0
28, 75, 75, Entre_5700_e_8500, 1884, 1.0, 3.0, 3.0, 2019.0, 79.0, 73.0, 59.0, 78.0, 59.0, 77.0, 75.0, 56.0, 75.0, 75.0, 67.0, 61.0, 76.0, 71.0, 86.0, 59.0, 57.0, 73.0, 58.0, 70.0, 48.0, 48.0, 69.0, 75.0, 49.0, 67.0, 52.0, 49.0, 46.0, 14.0, 15.0, 8.0, 16.0, 11.0
29, 75, 75, Entre_5700_e_8500, 1877, 3.0, 4.0, 4.0, 2019.0, 71.0, 72.0, 61.0, 77.0, 75.0, 78.0, 73.0, 77.0, 66.0, 78.0, 85.0, 84.0, 88.0, 72.0, 91.0, 76.0, 58.0, 62.0, 44.0, 73.0, 53.0, 28.0, 71.0, 71.0, 70.0, 72.0, 34.0, 28.0, 23.0, 6.0, 9.0, 11.0, 7.0, 5.0
29, 75, 75, Entre_5700_e_8500, 1729, 1.0, 3.0, 2.0, 2019.0, 42.0, 74.0, 84.0, 71.0, 70.0, 64.0, 46.0, 29.0, 59.0, 73.0, 48.0, 58.0, 35.0, 73.0, 48.0, 80.0, 69.0, 69.0, 90.0, 64.0, 77.0, 32.0, 78.0, 65.0, 62.0, 68.0, 35.0, 46.0, 38.0, 7.0, 16.0, 6.0, 9.0, 12.0
28, 75, 75, Entre_5700_e_8500, 2046, 2.0, 4.0, 2.0, 2021.0, 72.0, 65.0, 67.0, 74.0, 72.0, 71.0, 72.0, 61.0, 72.0, 75.0, 55.0, 49.0, 62.0, 77.0, 61.0, 75.0, 77.0, 86.0, 77.0, 70.0, 79.0, 80.0, 70.0, 72.0, 74.0, 79.0, 73.0, 75.0, 73.0, 6.0, 14.0, 16.0, 10.0, 14.0
24, 74, 80, Entre_5700_e_8500, 2000, 2.0, 3.0, 3.0, 2021.0, 72.0, 71.0, 59.0, 79.0, 57.0, 74.0, 65.0, 55.0, 74.0, 77.0, 68.0, 76.0, 68.0, 75.0, 66.0, 75.0, 64.0, 75.0, 75.0, 64.0, 72.0, 73.0, 71.0, 75.0, 50.0, 67.0, 73.0, 73.0, 74.0, 13.0, 13.0, 7.0, 11.0, 6.0
27, 74, 75, Entre_5700_e_8500, 1634, 1.0, 2.0, 3.0, 2022.0, 32.0, 78.0, 71.0, 64.0, 65.0, 70.0, 45.0, 33.0, 54.0, 74.0, 69.0, 69.0, 71.0, 73.0, 63.0, 70.0, 70.0, 66.0, 74.0, 64.0, 45.0, 20.0, 77.0, 58.0, 65.0, 74.0, 20.0, 15.0, 15.0, 6.0, 12.0, 7.0, 5.0, 14.0
19, 73, 86, Entre_5700_e_8500, 1597, 1.0, 3.0, 2.0, 2021.0, 26.0, 29.0, 74.0, 66.0, 32.0, 49.0, 27.0, 26.0, 57.0, 66.0, 72.0, 70.0, 64.0, 72.0, 72.0, 41.0, 78.0, 68.0, 66.0, 23.0, 66.0, 73.0, 28.0, 33.0, 43.0, 57.0, 74.0, 74.0, 72.0, 11.0, 10.0, 8.0, 14.0, 13.0
19, 72, 86, Entre_5700_e_8500, 1762, 1.0, 4.0, 4.0, 2023.0, 62.0, 70.0, 56.0, 64.0, 65.0, 73.0, 72.0, 58.0, 52.0, 71.0, 87.0, 85.0, 75.0, 72.0, 50.0, 71.0, 64.0, 70.0, 77.0, 59.0, 59.0, 21.0, 73.0, 66.0, 63.0, 76.0, 25.0, 24.0, 21.0, 10.0, 12.0, 15.0, 11.0, 9.0
32, 91, 91, Entre_5700_e_8500, 2280, 4.0, 4.0, 4.0, 2020.0, 86.0, 72.0, 55.0, 93.0, 76.0, 90.0, 85.0, 78.0, 88.0, 93.0, 80.0, 72.0, 93.0, 90.0, 94.0, 79.0, 68.0, 89.0, 58.0, 82.0, 62.0, 83.0, 79.0, 92.0, 82.0, 84.0, 60.0, 76.0, 73.0, 13.0, 9.0, 7.0, 14.0, 9.0
31, 79, 79, Entre_5700_e_8500, 1279, 2.0, 2.0, 1.0, 2020.0, 24.0, 14.0, 13.0, 30.0, 12.0, 12.0, 25.0, 25.0, 24.0, 20.0, 32.0, 49.0, 43.0, 74.0, 58.0, 24.0, 69.0, 43.0, 79.0, 13.0, 45.0, 20.0, 12.0, 52.0, 23.0, 60.0, 26.0, 15.0, 11.0, 74.0, 81.0, 79.0, 81.0, 77.0
31, 79, 79, Entre_5700_e_8500, 1234, 3.0, 2.0, 1.0, 2020.0, 14.0, 19.0, 12.0, 26.0, 12.0, 16.0, 17.0, 15.0, 32.0, 24.0, 52.0, 58.0, 52.0, 74.0, 40.0, 28.0, 38.0, 36.0, 80.0, 12.0, 42.0, 21.0, 11.0, 34.0, 40.0, 61.0, 18.0, 11.0, 12.0, 80.0, 80.0, 72.0, 77.0, 79.0
27, 77, 80, Entre_5700_e_8500, 1164, 1.0, 3.0, 1.0, 2019.0, 15.0, 14.0, 14.0, 39.0, 13.0, 20.0, 12.0, 19.0, 44.0, 12.0, 37.0, 34.0, 38.0, 74.0, 29.0, 25.0, 48.0, 43.0, 69.0, 19.0, 25.0, 12.0, 10.0, 42.0, 24.0, 57.0, 20.0, 18.0, 15.0, 74.0, 79.0, 75.0, 77.0, 75.0
27, 77, 77, Entre_5700_e_8500, 1978, 2.0, 4.0, 3.0, 2020.0, 68.0, 55.0, 63.0, 80.0, 61.0, 74.0, 64.0, 64.0, 78.0, 74.0, 60.0, 58.0, 64.0, 71.0, 70.0, 67.0, 65.0, 69.0, 71.0, 64.0, 82.0, 79.0, 63.0, 72.0, 60.0, 74.0, 77.0, 76.0, 75.0, 12.0, 11.0, 8.0, 10.0, 13.0
31, 77, 77, Entre_5700_e_8500, 2063, 2.0, 4.0, 3.0, 2021.0, 77.0, 66.0, 47.0, 80.0, 66.0, 77.0, 79.0, 73.0, 77.0, 78.0, 70.0, 65.0, 80.0, 77.0, 78.0, 75.0, 73.0, 71.0, 65.0, 73.0, 64.0, 76.0, 73.0, 78.0, 58.0, 81.0, 74.0, 65.0, 68.0, 14.0, 8.0, 13.0, 10.0, 15.0
30, 76, 76, Entre_5700_e_8500, 1977, 2.0, 3.0, 4.0, 2020.0, 82.0, 71.0, 44.0, 74.0, 65.0, 76.0, 82.0, 82.0, 72.0, 80.0, 61.0, 65.0, 72.0, 73.0, 67.0, 81.0, 57.0, 73.0, 70.0, 76.0, 82.0, 46.0, 76.0, 79.0, 73.0, 77.0, 42.0, 56.0, 41.0, 8.0, 15.0, 14.0, 12.0, 10.0
25, 76, 77, Entre_5700_e_8500, 2033, 2.0, 3.0, 4.0, 2021.0, 79.0, 57.0, 53.0, 79.0, 59.0, 84.0, 76.0, 51.0, 64.0, 83.0, 79.0, 78.0, 86.0, 77.0, 88.0, 62.0, 73.0, 77.0, 55.0, 62.0, 68.0, 73.0, 73.0, 70.0, 53.0, 69.0, 69.0, 75.0, 74.0, 8.0, 9.0, 12.0, 11.0, 16.0
28, 76, 76, Entre_5700_e_8500, 2023, 2.0, 3.0, 3.0, 2021.0, 68.0, 70.0, 77.0, 78.0, 68.0, 75.0, 63.0, 50.0, 73.0, 75.0, 61.0, 67.0, 68.0, 74.0, 55.0, 76.0, 69.0, 83.0, 78.0, 68.0, 82.0, 71.0, 73.0, 73.0, 59.0, 77.0, 69.0, 75.0, 71.0, 14.0, 10.0, 10.0, 12.0, 8.0
28, 76, 76, Entre_5700_e_8500, 1967, 2.0, 3.0, 3.0, 2022.0, 74.0, 64.0, 48.0, 77.0, 68.0, 74.0, 59.0, 62.0, 76.0, 74.0, 63.0, 69.0, 69.0, 77.0, 75.0, 74.0, 61.0, 77.0, 53.0, 75.0, 71.0, 65.0, 74.0, 77.0, 72.0, 67.0, 56.0, 71.0, 52.0, 15.0, 11.0, 9.0, 12.0, 13.0
25, 76, 78, Entre_5700_e_8500, 2035, 2.0, 3.0, 3.0, 2022.0, 79.0, 58.0, 70.0, 76.0, 48.0, 77.0, 68.0, 56.0, 72.0, 76.0, 77.0, 82.0, 76.0, 74.0, 65.0, 76.0, 81.0, 87.0, 78.0, 68.0, 66.0, 70.0, 69.0, 66.0, 58.0, 72.0, 73.0, 73.0, 72.0, 10.0, 8.0, 7.0, 5.0, 14.0
26, 76, 77, Entre_5700_e_8500, 1964, 1.0, 3.0, 3.0, 2022.0, 75.0, 57.0, 63.0, 71.0, 50.0, 74.0, 67.0, 29.0, 68.0, 75.0, 88.0, 86.0, 73.0, 74.0, 75.0, 65.0, 80.0, 80.0, 72.0, 66.0, 69.0, 68.0, 65.0, 64.0, 47.0, 72.0, 73.0, 75.0, 74.0, 6.0, 12.0, 6.0, 9.0, 8.0
25, 75, 80, Entre_5700_e_8500, 1831, 2.0, 3.0, 3.0, 2022.0, 45.0, 39.0, 65.0, 76.0, 29.0, 65.0, 34.0, 32.0, 73.0, 68.0, 69.0, 73.0, 63.0, 76.0, 68.0, 75.0, 74.0, 77.0, 82.0, 62.0, 80.0, 76.0, 42.0, 65.0, 51.0, 67.0, 74.0, 76.0, 70.0, 6.0, 7.0, 11.0, 14.0, 14.0
25, 75, 80, Entre_5700_e_8500, 1801, 1.0, 3.0, 2.0, 2019.0, 47.0, 41.0, 65.0, 74.0, 38.0, 64.0, 44.0, 35.0, 70.0, 70.0, 67.0, 66.0, 68.0, 71.0, 61.0, 56.0, 82.0, 86.0, 76.0, 40.0, 86.0, 76.0, 33.0, 47.0, 46.0, 60.0, 74.0, 78.0, 75.0, 14.0, 14.0, 9.0, 14.0, 14.0
24, 74, 77, Entre_5700_e_8500, 1854, 1.0, 2.0, 3.0, 2020.0, 69.0, 74.0, 66.0, 72.0, 69.0, 73.0, 66.0, 46.0, 64.0, 67.0, 91.0, 94.0, 90.0, 77.0, 82.0, 75.0, 68.0, 76.0, 61.0, 61.0, 66.0, 32.0, 72.0, 60.0, 56.0, 71.0, 18.0, 30.0, 27.0, 13.0, 10.0, 9.0, 9.0, 11.0
22, 74, 78, Entre_5700_e_8500, 1915, 1.0, 4.0, 4.0, 2021.0, 59.0, 65.0, 55.0, 74.0, 60.0, 78.0, 77.0, 75.0, 72.0, 77.0, 76.0, 78.0, 75.0, 71.0, 79.0, 70.0, 58.0, 71.0, 62.0, 65.0, 65.0, 52.0, 67.0, 72.0, 54.0, 71.0, 49.0, 49.0, 43.0, 13.0, 14.0, 15.0, 15.0, 10.0
28, 78, 78, Entre_5700_e_8500, 1866, 2.0, 3.0, 2.0, 2022.0, 46.0, 56.0, 73.0, 68.0, 70.0, 59.0, 46.0, 25.0, 70.0, 66.0, 66.0, 67.0, 57.0, 74.0, 72.0, 82.0, 73.0, 66.0, 72.0, 72.0, 76.0, 79.0, 36.0, 46.0, 51.0, 69.0, 83.0, 82.0, 78.0, 7.0, 11.0, 10.0, 14.0, 13.0
26, 77, 78, Entre_5700_e_8500, 2074, 2.0, 4.0, 3.0, 2020.0, 70.0, 57.0, 65.0, 75.0, 68.0, 75.0, 66.0, 64.0, 69.0, 76.0, 79.0, 78.0, 74.0, 76.0, 83.0, 76.0, 72.0, 86.0, 62.0, 74.0, 75.0, 74.0, 71.0, 65.0, 60.0, 69.0, 68.0, 80.0, 76.0, 11.0, 14.0, 12.0, 12.0, 11.0
27, 77, 78, Entre_5700_e_8500, 1561, 1.0, 3.0, 2.0, 2022.0, 35.0, 35.0, 81.0, 79.0, 13.0, 38.0, 28.0, 35.0, 60.0, 70.0, 41.0, 63.0, 32.0, 72.0, 33.0, 48.0, 70.0, 71.0, 78.0, 27.0, 79.0, 75.0, 32.0, 54.0, 37.0, 65.0, 65.0, 81.0, 78.0, 11.0, 8.0, 11.0, 8.0, 13.0
24, 76, 80, Entre_5700_e_8500, 1994, 1.0, 3.0, 3.0, 2021.0, 80.0, 49.0, 59.0, 68.0, 50.0, 75.0, 68.0, 69.0, 64.0, 76.0, 77.0, 79.0, 79.0, 75.0, 79.0, 74.0, 71.0, 77.0, 48.0, 68.0, 66.0, 73.0, 73.0, 62.0, 53.0, 66.0, 72.0, 73.0, 77.0, 13.0, 11.0, 13.0, 13.0, 10.0
24, 76, 80, Entre_5700_e_8500, 1709, 2.0, 3.0, 2.0, 2022.0, 40.0, 30.0, 78.0, 68.0, 55.0, 58.0, 31.0, 36.0, 74.0, 62.0, 59.0, 60.0, 38.0, 74.0, 36.0, 72.0, 74.0, 65.0, 77.0, 59.0, 79.0, 75.0, 29.0, 62.0, 37.0, 63.0, 72.0, 78.0, 74.0, 15.0, 10.0, 13.0, 8.0, 11.0
26, 76, 81, Entre_5700_e_8500, 1603, 1.0, 4.0, 2.0, 2023.0, 35.0, 19.0, 74.0, 60.0, 20.0, 53.0, 26.0, 26.0, 57.0, 67.0, 68.0, 68.0, 65.0, 76.0, 60.0, 50.0, 72.0, 63.0, 73.0, 44.0, 78.0, 78.0, 16.0, 33.0, 37.0, 76.0, 77.0, 79.0, 78.0, 12.0, 6.0, 10.0, 11.0, 12.0
22, 76, 81, Entre_5700_e_8500, 1906, 1.0, 2.0, 3.0, 2023.0, 77.0, 47.0, 73.0, 69.0, 28.0, 71.0, 50.0, 50.0, 65.0, 69.0, 80.0, 84.0, 68.0, 72.0, 53.0, 66.0, 83.0, 88.0, 87.0, 40.0, 76.0, 68.0, 69.0, 58.0, 43.0, 67.0, 68.0, 76.0, 74.0, 10.0, 10.0, 7.0, 13.0, 14.0
24, 76, 81, Entre_5700_e_8500, 2057, 1.0, 3.0, 3.0, 2023.0, 77.0, 53.0, 70.0, 74.0, 54.0, 73.0, 72.0, 71.0, 63.0, 74.0, 79.0, 83.0, 78.0, 71.0, 91.0, 85.0, 81.0, 91.0, 61.0, 67.0, 89.0, 70.0, 60.0, 72.0, 40.0, 64.0, 72.0, 69.0, 73.0, 10.0, 6.0, 6.0, 11.0, 11.0
25, 75, 78, Entre_5700_e_8500, 1823, 1.0, 3.0, 3.0, 2020.0, 75.0, 68.0, 42.0, 77.0, 63.0, 79.0, 70.0, 66.0, 72.0, 76.0, 77.0, 72.0, 74.0, 74.0, 79.0, 70.0, 52.0, 72.0, 51.0, 72.0, 56.0, 27.0, 73.0, 76.0, 53.0, 74.0, 30.0, 36.0, 33.0, 12.0, 15.0, 14.0, 8.0, 9.0
24, 75, 78, Entre_5700_e_8500, 1747, 2.0, 4.0, 3.0, 2020.0, 35.0, 77.0, 74.0, 75.0, 65.0, 67.0, 54.0, 39.0, 40.0, 75.0, 60.0, 62.0, 59.0, 75.0, 66.0, 83.0, 73.0, 57.0, 77.0, 68.0, 78.0, 19.0, 78.0, 64.0, 81.0, 74.0, 39.0, 23.0, 22.0, 13.0, 7.0, 11.0, 15.0, 16.0
24, 75, 78, Entre_5700_e_8500, 1899, 1.0, 4.0, 4.0, 2021.0, 72.0, 70.0, 61.0, 68.0, 62.0, 79.0, 74.0, 56.0, 63.0, 78.0, 86.0, 87.0, 77.0, 71.0, 75.0, 78.0, 46.0, 64.0, 75.0, 67.0, 68.0, 37.0, 72.0, 72.0, 72.0, 62.0, 25.0, 46.0, 36.0, 13.0, 15.0, 12.0, 9.0, 13.0
24, 75, 79, Entre_5700_e_8500, 1957, 1.0, 3.0, 4.0, 2021.0, 74.0, 72.0, 64.0, 76.0, 63.0, 75.0, 75.0, 66.0, 70.0, 78.0, 76.0, 73.0, 80.0, 77.0, 84.0, 75.0, 50.0, 71.0, 53.0, 76.0, 72.0, 61.0, 70.0, 75.0, 55.0, 76.0, 41.0, 54.0, 53.0, 7.0, 16.0, 9.0, 8.0, 8.0
21, 75, 83, Entre_5700_e_8500, 1482, 1.0, 3.0, 2.0, 2023.0, 29.0, 16.0, 76.0, 74.0, 21.0, 35.0, 27.0, 22.0, 33.0, 71.0, 66.0, 68.0, 44.0, 65.0, 60.0, 39.0, 72.0, 67.0, 78.0, 17.0, 74.0, 79.0, 23.0, 30.0, 31.0, 56.0, 62.0, 77.0, 76.0, 9.0, 9.0, 15.0, 6.0, 11.0
20, 75, 83, Entre_5700_e_8500, 1957, 1.0, 3.0, 3.0, 2019.0, 66.0, 54.0, 68.0, 78.0, 64.0, 73.0, 64.0, 60.0, 72.0, 79.0, 63.0, 65.0, 67.0, 68.0, 54.0, 76.0, 59.0, 75.0, 69.0, 72.0, 68.0, 75.0, 54.0, 75.0, 60.0, 66.0, 76.0, 74.0, 70.0, 11.0, 12.0, 11.0, 10.0, 15.0
19, 73, 88, Entre_5700_e_8500, 1709, 1.0, 4.0, 3.0, 2021.0, 61.0, 66.0, 33.0, 74.0, 43.0, 82.0, 60.0, 61.0, 54.0, 73.0, 90.0, 78.0, 83.0, 69.0, 85.0, 71.0, 41.0, 68.0, 40.0, 61.0, 46.0, 33.0, 68.0, 73.0, 75.0, 75.0, 20.0, 26.0, 39.0, 7.0, 7.0, 5.0, 10.0, 7.0
27, 77, 77, Entre_8500_e_11500, 2082, 2.0, 4.0, 4.0, 2019.0, 77.0, 72.0, 65.0, 78.0, 73.0, 78.0, 78.0, 56.0, 77.0, 79.0, 75.0, 75.0, 79.0, 73.0, 72.0, 77.0, 66.0, 65.0, 69.0, 77.0, 74.0, 69.0, 74.0, 78.0, 62.0, 75.0, 67.0, 69.0, 67.0, 15.0, 10.0, 9.0, 14.0, 13.0
25, 76, 79, Entre_8500_e_11500, 1913, 1.0, 5.0, 4.0, 2022.0, 76.0, 70.0, 49.0, 72.0, 74.0, 79.0, 84.0, 83.0, 64.0, 81.0, 78.0, 74.0, 77.0, 72.0, 82.0, 83.0, 64.0, 69.0, 61.0, 79.0, 32.0, 31.0, 69.0, 80.0, 68.0, 79.0, 38.0, 36.0, 28.0, 10.0, 10.0, 14.0, 15.0, 11.0
23, 75, 82, Entre_8500_e_11500, 1830, 1.0, 3.0, 3.0, 2021.0, 60.0, 74.0, 84.0, 67.0, 69.0, 64.0, 52.0, 41.0, 59.0, 70.0, 66.0, 70.0, 60.0, 71.0, 54.0, 78.0, 83.0, 66.0, 83.0, 65.0, 78.0, 42.0, 76.0, 61.0, 65.0, 67.0, 35.0, 35.0, 40.0, 14.0, 15.0, 6.0, 12.0, 15.0
19, 74, 86, Entre_8500_e_11500, 1988, 1.0, 3.0, 3.0, 2022.0, 56.0, 52.0, 72.0, 75.0, 49.0, 74.0, 56.0, 55.0, 67.0, 75.0, 65.0, 66.0, 67.0, 77.0, 68.0, 73.0, 85.0, 83.0, 82.0, 67.0, 82.0, 74.0, 73.0, 74.0, 58.0, 68.0, 73.0, 74.0, 68.0, 7.0, 9.0, 12.0, 9.0, 11.0
25, 78, 81, Entre_8500_e_11500, 2055, 1.0, 2.0, 3.0, 2022.0, 79.0, 62.0, 55.0, 78.0, 43.0, 78.0, 74.0, 68.0, 70.0, 79.0, 89.0, 90.0, 74.0, 70.0, 61.0, 80.0, 73.0, 70.0, 70.0, 61.0, 75.0, 72.0, 69.0, 65.0, 67.0, 69.0, 67.0, 78.0, 79.0, 13.0, 8.0, 14.0, 9.0, 15.0
28, 78, 78, Entre_8500_e_11500, 1927, 2.0, 4.0, 4.0, 2022.0, 73.0, 70.0, 58.0, 79.0, 70.0, 82.0, 75.0, 78.0, 74.0, 80.0, 83.0, 77.0, 91.0, 72.0, 80.0, 73.0, 41.0, 73.0, 50.0, 73.0, 47.0, 56.0, 69.0, 74.0, 72.0, 72.0, 31.0, 34.0, 32.0, 12.0, 16.0, 12.0, 13.0, 7.0
26, 78, 80, Entre_8500_e_11500, 2101, 2.0, 2.0, 3.0, 2019.0, 74.0, 58.0, 75.0, 78.0, 69.0, 64.0, 80.0, 79.0, 76.0, 75.0, 59.0, 65.0, 62.0, 74.0, 57.0, 85.0, 67.0, 91.0, 88.0, 82.0, 83.0, 74.0, 67.0, 71.0, 74.0, 71.0, 72.0, 76.0, 73.0, 8.0, 11.0, 8.0, 14.0, 12.0
26, 77, 78, Entre_8500_e_11500, 1862, 2.0, 3.0, 5.0, 2019.0, 76.0, 70.0, 35.0, 75.0, 65.0, 80.0, 77.0, 75.0, 77.0, 76.0, 85.0, 77.0, 87.0, 65.0, 85.0, 72.0, 53.0, 74.0, 43.0, 72.0, 44.0, 25.0, 70.0, 80.0, 64.0, 68.0, 46.0, 26.0, 30.0, 12.0, 13.0, 14.0, 11.0, 8.0
26, 77, 78, Entre_8500_e_11500, 1892, 1.0, 3.0, 2.0, 2021.0, 46.0, 78.0, 83.0, 65.0, 69.0, 66.0, 69.0, 64.0, 48.0, 74.0, 68.0, 75.0, 65.0, 75.0, 61.0, 80.0, 76.0, 70.0, 84.0, 71.0, 74.0, 40.0, 79.0, 64.0, 81.0, 77.0, 39.0, 30.0, 29.0, 14.0, 16.0, 16.0, 7.0, 16.0
26, 77, 78, Entre_8500_e_11500, 2032, 2.0, 3.0, 3.0, 2021.0, 58.0, 62.0, 68.0, 77.0, 72.0, 72.0, 74.0, 71.0, 71.0, 82.0, 64.0, 62.0, 70.0, 77.0, 64.0, 80.0, 68.0, 88.0, 67.0, 78.0, 76.0, 62.0, 66.0, 82.0, 66.0, 84.0, 70.0, 69.0, 61.0, 16.0, 8.0, 16.0, 9.0, 6.0
23, 77, 83, Entre_8500_e_11500, 1843, 2.0, 3.0, 2.0, 2022.0, 48.0, 41.0, 75.0, 70.0, 55.0, 53.0, 56.0, 50.0, 71.0, 72.0, 66.0, 67.0, 56.0, 79.0, 76.0, 69.0, 75.0, 71.0, 76.0, 43.0, 80.0, 81.0, 39.0, 34.0, 61.0, 78.0, 71.0, 72.0, 84.0, 12.0, 9.0, 8.0, 12.0, 11.0
23, 76, 81, Entre_8500_e_11500, 1836, 2.0, 4.0, 3.0, 2019.0, 65.0, 68.0, 64.0, 70.0, 72.0, 81.0, 68.0, 66.0, 57.0, 80.0, 85.0, 91.0, 82.0, 66.0, 65.0, 86.0, 69.0, 64.0, 69.0, 73.0, 50.0, 30.0, 77.0, 72.0, 70.0, 69.0, 30.0, 24.0, 20.0, 4.0, 6.0, 4.0, 4.0, 4.0
19, 76, 88, Entre_8500_e_11500, 1078, 1.0, 3.0, 1.0, 2019.0, 15.0, 8.0, 12.0, 25.0, 12.0, 11.0, 14.0, 15.0, 26.0, 15.0, 33.0, 26.0, 36.0, 76.0, 22.0, 22.0, 56.0, 32.0, 61.0, 7.0, 22.0, 19.0, 11.0, 60.0, 19.0, 56.0, 22.0, 13.0, 11.0, 74.0, 71.0, 76.0, 77.0, 79.0
29, 80, 80, Entre_8500_e_11500, 2017, 2.0, 4.0, 3.0, 2022.0, 69.0, 54.0, 66.0, 82.0, 66.0, 72.0, 64.0, 58.0, 82.0, 80.0, 55.0, 56.0, 68.0, 78.0, 64.0, 72.0, 58.0, 79.0, 71.0, 74.0, 76.0, 80.0, 62.0, 78.0, 68.0, 72.0, 79.0, 78.0, 76.0, 8.0, 9.0, 14.0, 15.0, 6.0
28, 79, 80, Entre_8500_e_11500, 1915, 1.0, 3.0, 3.0, 2023.0, 58.0, 48.0, 73.0, 80.0, 49.0, 69.0, 59.0, 60.0, 83.0, 73.0, 54.0, 34.0, 60.0, 79.0, 57.0, 73.0, 35.0, 86.0, 85.0, 66.0, 84.0, 76.0, 56.0, 69.0, 59.0, 76.0, 74.0, 80.0, 71.0, 16.0, 11.0, 12.0, 16.0, 10.0
24, 78, 82, Entre_8500_e_11500, 1981, 2.0, 2.0, 3.0, 2023.0, 64.0, 54.0, 73.0, 78.0, 68.0, 75.0, 68.0, 38.0, 75.0, 77.0, 68.0, 68.0, 64.0, 72.0, 62.0, 76.0, 64.0, 85.0, 71.0, 73.0, 74.0, 80.0, 68.0, 73.0, 40.0, 74.0, 77.0, 78.0, 76.0, 12.0, 6.0, 8.0, 7.0, 9.0
24, 77, 80, Entre_8500_e_11500, 1796, 2.0, 4.0, 4.0, 2019.0, 69.0, 68.0, 35.0, 75.0, 70.0, 86.0, 71.0, 63.0, 66.0, 86.0, 84.0, 79.0, 89.0, 68.0, 84.0, 71.0, 34.0, 67.0, 40.0, 65.0, 47.0, 19.0, 72.0, 75.0, 69.0, 69.0, 16.0, 40.0, 32.0, 9.0, 16.0, 10.0, 14.0, 7.0
22, 76, 85, Entre_8500_e_11500, 2015, 1.0, 3.0, 4.0, 2020.0, 57.0, 66.0, 48.0, 76.0, 31.0, 74.0, 46.0, 52.0, 69.0, 76.0, 78.0, 78.0, 81.0, 80.0, 79.0, 74.0, 77.0, 91.0, 82.0, 65.0, 83.0, 78.0, 73.0, 70.0, 55.0, 79.0, 77.0, 76.0, 73.0, 8.0, 8.0, 14.0, 5.0, 15.0
20, 76, 84, Entre_8500_e_11500, 2042, 1.0, 3.0, 3.0, 2020.0, 69.0, 76.0, 59.0, 79.0, 59.0, 82.0, 77.0, 69.0, 72.0, 80.0, 76.0, 75.0, 78.0, 70.0, 79.0, 79.0, 59.0, 71.0, 63.0, 74.0, 62.0, 69.0, 73.0, 73.0, 65.0, 72.0, 69.0, 72.0, 70.0, 5.0, 6.0, 10.0, 15.0, 7.0
32, 82, 82, Maior_que_11500, 2230, 2.0, 3.0, 3.0, 2020.0, 91.0, 55.0, 80.0, 77.0, 64.0, 79.0, 85.0, 86.0, 77.0, 76.0, 73.0, 70.0, 63.0, 84.0, 58.0, 91.0, 80.0, 84.0, 77.0, 83.0, 85.0, 81.0, 75.0, 77.0, 74.0, 88.0, 81.0, 82.0, 81.0, 16.0, 15.0, 8.0, 16.0, 6.0
32, 82, 82, Maior_que_11500, 1169, 2.0, 2.0, 1.0, 2020.0, 12.0, 17.0, 13.0, 36.0, 13.0, 18.0, 14.0, 16.0, 37.0, 22.0, 30.0, 33.0, 35.0, 74.0, 32.0, 21.0, 66.0, 29.0, 58.0, 18.0, 18.0, 10.0, 10.0, 60.0, 21.0, 64.0, 27.0, 10.0, 12.0, 83.0, 84.0, 76.0, 81.0, 83.0
32, 82, 82, Maior_que_11500, 1807, 3.0, 3.0, 2.0, 2020.0, 52.0, 32.0, 80.0, 76.0, 35.0, 62.0, 22.0, 49.0, 69.0, 66.0, 64.0, 66.0, 65.0, 76.0, 61.0, 54.0, 78.0, 62.0, 75.0, 47.0, 86.0, 84.0, 41.0, 56.0, 51.0, 75.0, 80.0, 84.0, 83.0, 13.0, 11.0, 9.0, 11.0, 7.0
32, 82, 82, Maior_que_11500, 1793, 3.0, 3.0, 2.0, 2021.0, 36.0, 45.0, 77.0, 66.0, 45.0, 56.0, 43.0, 55.0, 68.0, 68.0, 52.0, 67.0, 54.0, 75.0, 54.0, 77.0, 76.0, 84.0, 91.0, 58.0, 83.0, 83.0, 24.0, 44.0, 48.0, 77.0, 81.0, 83.0, 79.0, 5.0, 3.0, 5.0, 5.0, 3.0
28, 79, 79, Maior_que_11500, 1935, 2.0, 3.0, 4.0, 2020.0, 75.0, 76.0, 43.0, 77.0, 67.0, 82.0, 83.0, 80.0, 74.0, 81.0, 89.0, 79.0, 83.0, 77.0, 78.0, 76.0, 62.0, 68.0, 63.0, 77.0, 52.0, 37.0, 76.0, 74.0, 75.0, 74.0, 25.0, 30.0, 27.0, 5.0, 11.0, 15.0, 9.0, 9.0
29, 79, 79, Maior_que_11500, 1939, 3.0, 3.0, 3.0, 2021.0, 72.0, 74.0, 58.0, 72.0, 71.0, 81.0, 76.0, 74.0, 61.0, 78.0, 89.0, 89.0, 79.0, 77.0, 77.0, 76.0, 65.0, 69.0, 56.0, 65.0, 65.0, 35.0, 77.0, 72.0, 74.0, 76.0, 37.0, 39.0, 36.0, 11.0, 8.0, 9.0, 9.0, 8.0
28, 79, 79, Maior_que_11500, 2023, 2.0, 4.0, 3.0, 2022.0, 64.0, 60.0, 61.0, 80.0, 69.0, 75.0, 72.0, 69.0, 83.0, 78.0, 63.0, 63.0, 67.0, 77.0, 76.0, 77.0, 54.0, 77.0, 69.0, 72.0, 74.0, 75.0, 71.0, 79.0, 53.0, 78.0, 69.0, 76.0, 73.0, 12.0, 6.0, 8.0, 9.0, 12.0
23, 77, 84, Maior_que_11500, 1965, 1.0, 3.0, 4.0, 2022.0, 72.0, 68.0, 60.0, 80.0, 64.0, 78.0, 62.0, 66.0, 78.0, 80.0, 66.0, 68.0, 63.0, 72.0, 63.0, 81.0, 58.0, 77.0, 78.0, 78.0, 58.0, 64.0, 74.0, 76.0, 66.0, 76.0, 25.0, 66.0, 62.0, 14.0, 15.0, 10.0, 12.0, 11.0
25, 78, 82, Maior_que_11500, 1926, 1.0, 2.0, 4.0, 2020.0, 74.0, 70.0, 32.0, 70.0, 72.0, 86.0, 76.0, 73.0, 68.0, 81.0, 90.0, 88.0, 92.0, 79.0, 88.0, 80.0, 53.0, 72.0, 61.0, 82.0, 42.0, 23.0, 71.0, 72.0, 77.0, 77.0, 41.0, 28.0, 30.0, 6.0, 9.0, 13.0, 12.0, 15.0
25, 80, 81, Maior_que_11500, 1988, 1.0, 2.0, 3.0, 2020.0, 83.0, 48.0, 54.0, 78.0, 49.0, 79.0, 59.0, 42.0, 70.0, 78.0, 88.0, 86.0, 76.0, 78.0, 73.0, 65.0, 60.0, 79.0, 76.0, 40.0, 72.0, 74.0, 73.0, 67.0, 56.0, 75.0, 74.0, 76.0, 77.0, 13.0, 9.0, 15.0, 7.0, 14.0
22, 79, 84, Maior_que_11500, 1918, 3.0, 3.0, 3.0, 2021.0, 58.0, 41.0, 63.0, 85.0, 56.0, 74.0, 63.0, 46.0, 80.0, 79.0, 72.0, 59.0, 77.0, 80.0, 65.0, 48.0, 67.0, 80.0, 63.0, 52.0, 64.0, 84.0, 56.0, 77.0, 50.0, 80.0, 74.0, 78.0, 73.0, 6.0, 14.0, 16.0, 11.0, 7.0
31, 83, 83, Maior_que_11500, 1299, 2.0, 2.0, 1.0, 2020.0, 12.0, 11.0, 23.0, 34.0, 15.0, 12.0, 11.0, 12.0, 43.0, 15.0, 56.0, 54.0, 55.0, 77.0, 51.0, 25.0, 71.0, 32.0, 77.0, 12.0, 41.0, 20.0, 11.0, 42.0, 25.0, 63.0, 20.0, 14.0, 18.0, 81.0, 84.0, 78.0, 84.0, 83.0
25, 80, 83, Maior_que_11500, 2091, 2.0, 3.0, 3.0, 2022.0, 83.0, 54.0, 75.0, 78.0, 47.0, 76.0, 69.0, 30.0, 72.0, 79.0, 79.0, 78.0, 73.0, 81.0, 76.0, 71.0, 94.0, 77.0, 74.0, 58.0, 86.0, 79.0, 72.0, 71.0, 64.0, 75.0, 75.0, 81.0, 82.0, 7.0, 10.0, 15.0, 16.0, 9.0
25, 79, 81, Maior_que_11500, 1975, 1.0, 5.0, 4.0, 2020.0, 71.0, 74.0, 73.0, 84.0, 70.0, 77.0, 75.0, 78.0, 80.0, 83.0, 45.0, 55.0, 56.0, 80.0, 58.0, 74.0, 47.0, 91.0, 76.0, 75.0, 45.0, 69.0, 81.0, 83.0, 66.0, 80.0, 70.0, 53.0, 32.0, 13.0, 6.0, 9.0, 15.0, 11.0
21, 78, 86, Maior_que_11500, 2031, 2.0, 4.0, 4.0, 2021.0, 65.0, 74.0, 56.0, 72.0, 71.0, 81.0, 76.0, 58.0, 65.0, 83.0, 87.0, 76.0, 87.0, 80.0, 87.0, 78.0, 66.0, 82.0, 72.0, 71.0, 80.0, 54.0, 81.0, 72.0, 61.0, 83.0, 49.0, 54.0, 39.0, 7.0, 12.0, 15.0, 9.0, 11.0
31, 83, 83, Maior_que_11500, 2074, 4.0, 3.0, 3.0, 2019.0, 68.0, 55.0, 81.0, 77.0, 63.0, 66.0, 70.0, 76.0, 77.0, 79.0, 59.0, 62.0, 69.0, 75.0, 56.0, 79.0, 78.0, 66.0, 79.0, 73.0, 85.0, 85.0, 54.0, 69.0, 75.0, 77.0, 79.0, 83.0, 82.0, 11.0, 12.0, 10.0, 7.0, 14.0
27, 82, 85, Maior_que_11500, 1245, 3.0, 2.0, 1.0, 2021.0, 15.0, 8.0, 17.0, 37.0, 13.0, 12.0, 13.0, 12.0, 24.0, 23.0, 44.0, 54.0, 49.0, 79.0, 52.0, 22.0, 74.0, 36.0, 74.0, 14.0, 35.0, 18.0, 10.0, 50.0, 20.0, 58.0, 11.0, 13.0, 16.0, 86.0, 78.0, 73.0, 77.0, 86.0
24, 80, 82, Maior_que_11500, 1926, 3.0, 4.0, 4.0, 2023.0, 75.0, 69.0, 40.0, 78.0, 68.0, 88.0, 84.0, 77.0, 62.0, 86.0, 89.0, 88.0, 94.0, 74.0, 77.0, 72.0, 70.0, 70.0, 54.0, 66.0, 40.0, 25.0, 77.0, 76.0, 77.0, 76.0, 34.0, 30.0, 22.0, 12.0, 16.0, 14.0, 11.0, 11.0
26, 82, 85, Maior_que_11500, 1250, 2.0, 2.0, 1.0, 2021.0, 15.0, 15.0, 14.0, 35.0, 13.0, 14.0, 20.0, 13.0, 37.0, 23.0, 44.0, 46.0, 50.0, 81.0, 43.0, 21.0, 58.0, 44.0, 72.0, 18.0, 33.0, 16.0, 15.0, 42.0, 20.0, 40.0, 11.0, 19.0, 17.0, 83.0, 77.0, 77.0, 81.0, 83.0
23, 80, 85, Maior_que_11500, 2169, 2.0, 4.0, 4.0, 2021.0, 78.0, 74.0, 69.0, 80.0, 70.0, 77.0, 75.0, 70.0, 84.0, 79.0, 77.0, 74.0, 79.0, 80.0, 69.0, 79.0, 75.0, 79.0, 76.0, 73.0, 72.0, 77.0, 77.0, 82.0, 68.0, 75.0, 71.0, 73.0, 76.0, 6.0, 16.0, 16.0, 9.0, 9.0
21, 79, 88, Maior_que_11500, 2149, 2.0, 4.0, 3.0, 2019.0, 66.0, 64.0, 68.0, 79.0, 60.0, 78.0, 58.0, 48.0, 75.0, 79.0, 71.0, 77.0, 68.0, 76.0, 79.0, 84.0, 79.0, 96.0, 87.0, 76.0, 86.0, 80.0, 76.0, 71.0, 82.0, 76.0, 80.0, 78.0, 74.0, 9.0, 11.0, 12.0, 12.0, 10.0
27, 82, 83, Maior_que_11500, 2253, 3.0, 3.0, 4.0, 2023.0, 77.0, 70.0, 72.0, 77.0, 87.0, 78.0, 73.0, 79.0, 75.0, 79.0, 86.0, 84.0, 87.0, 80.0, 82.0, 82.0, 74.0, 90.0, 67.0, 82.0, 79.0, 78.0, 82.0, 76.0, 76.0, 79.0, 76.0, 79.0, 78.0, 9.0, 8.0, 10.0, 11.0, 10.0
25, 81, 83, Maior_que_11500, 2013, 2.0, 3.0, 4.0, 2020.0, 77.0, 69.0, 38.0, 81.0, 80.0, 85.0, 83.0, 79.0, 72.0, 83.0, 86.0, 77.0, 91.0, 81.0, 83.0, 78.0, 63.0, 77.0, 62.0, 77.0, 57.0, 41.0, 81.0, 80.0, 83.0, 76.0, 30.0, 47.0, 35.0, 6.0, 9.0, 7.0, 7.0, 8.0
28, 84, 84, Maior_que_11500, 2175, 3.0, 2.0, 2.0, 2022.0, 81.0, 51.0, 74.0, 78.0, 57.0, 79.0, 76.0, 71.0, 67.0, 78.0, 86.0, 93.0, 67.0, 83.0, 72.0, 86.0, 83.0, 89.0, 75.0, 69.0, 78.0, 81.0, 67.0, 69.0, 63.0, 75.0, 78.0, 84.0, 83.0, 12.0, 6.0, 16.0, 15.0, 8.0
26, 83, 83, Maior_que_11500, 1921, 1.0, 3.0, 4.0, 2021.0, 56.0, 85.0, 83.0, 73.0, 82.0, 75.0, 59.0, 67.0, 47.0, 74.0, 79.0, 83.0, 55.0, 84.0, 55.0, 85.0, 84.0, 56.0, 87.0, 82.0, 65.0, 32.0, 83.0, 58.0, 77.0, 79.0, 26.0, 27.0, 24.0, 8.0, 11.0, 20.0, 19.0, 20.0
24, 83, 87, Maior_que_11500, 1858, 2.0, 4.0, 3.0, 2022.0, 62.0, 29.0, 83.0, 81.0, 27.0, 69.0, 47.0, 29.0, 74.0, 80.0, 67.0, 71.0, 61.0, 82.0, 59.0, 46.0, 75.0, 79.0, 77.0, 38.0, 79.0, 81.0, 48.0, 67.0, 44.0, 80.0, 85.0, 85.0, 82.0, 7.0, 15.0, 11.0, 10.0, 8.0
30, 84, 84, Maior_que_11500, 2163, 3.0, 3.0, 5.0, 2020.0, 80.0, 67.0, 58.0, 80.0, 70.0, 90.0, 78.0, 69.0, 69.0, 85.0, 89.0, 93.0, 91.0, 80.0, 82.0, 84.0, 75.0, 78.0, 61.0, 80.0, 78.0, 62.0, 78.0, 76.0, 65.0, 80.0, 63.0, 70.0, 74.0, 5.0, 5.0, 13.0, 6.0, 9.0
32, 85, 85, Maior_que_11500, 1931, 3.0, 5.0, 2.0, 2020.0, 63.0, 89.0, 84.0, 77.0, 77.0, 76.0, 65.0, 54.0, 72.0, 84.0, 65.0, 66.0, 57.0, 83.0, 36.0, 86.0, 66.0, 76.0, 80.0, 79.0, 51.0, 50.0, 89.0, 74.0, 67.0, 83.0, 58.0, 28.0, 16.0, 9.0, 11.0, 13.0, 15.0, 15.0
22, 83, 87, Maior_que_11500, 1967, 3.0, 4.0, 3.0, 2020.0, 69.0, 87.0, 76.0, 77.0, 82.0, 83.0, 62.0, 56.0, 55.0, 84.0, 93.0, 93.0, 81.0, 86.0, 76.0, 74.0, 78.0, 83.0, 59.0, 67.0, 63.0, 37.0, 85.0, 61.0, 72.0, 74.0, 39.0, 20.0, 19.0, 9.0, 9.0, 8.0, 15.0, 9.0
22, 83, 88, Maior_que_11500, 2041, 2.0, 4.0, 4.0, 2020.0, 74.0, 81.0, 46.0, 79.0, 83.0, 87.0, 64.0, 62.0, 68.0, 83.0, 92.0, 90.0, 87.0, 80.0, 88.0, 85.0, 64.0, 68.0, 68.0, 81.0, 63.0, 38.0, 80.0, 74.0, 68.0, 74.0, 45.0, 48.0, 45.0, 14.0, 10.0, 10.0, 9.0, 7.0
22, 84, 90, Maior_que_11500, 2064, 3.0, 3.0, 4.0, 2019.0, 76.0, 84.0, 69.0, 77.0, 74.0, 87.0, 84.0, 54.0, 60.0, 86.0, 88.0, 89.0, 85.0, 81.0, 81.0, 84.0, 74.0, 75.0, 75.0, 80.0, 58.0, 42.0, 83.0, 73.0, 81.0, 79.0, 38.0, 39.0, 36.0, 9.0, 8.0, 8.0, 15.0, 11.0
26, 88, 89, Maior_que_11500, 2171, 4.0, 3.0, 4.0, 2019.0, 90.0, 83.0, 62.0, 89.0, 90.0, 85.0, 89.0, 86.0, 83.0, 90.0, 73.0, 67.0, 83.0, 85.0, 76.0, 86.0, 54.0, 70.0, 68.0, 92.0, 64.0, 55.0, 80.0, 89.0, 81.0, 87.0, 52.0, 41.0, 44.0, 15.0, 15.0, 15.0, 5.0, 14.0
