@relation fifa_final
@attribute Age integer [17, 37]
@attribute Overall integer [71, 94]
@attribute Potential integer [73, 95]
@attribute Value {Menor_que_5700, Entre_5700_e_8500, Entre_8500_e_11500, Maior_que_11500}
@attribute Special integer [1043, 2346]
@attribute InternationalReputation real [1.0, 5.0]
@attribute WeakFoot real [1.0, 5.0]
@attribute SkillMoves real [1.0, 5.0]
@attribute ContractValidUntil real [2018.0, 2026.0]
@attribute Crossing real [9.0, 93.0]
@attribute Finishing real [5.0, 95.0]
@attribute HeadingAccuracy real [8.0, 93.0]
@attribute ShortPassing real [13.0, 93.0]
@attribute Volleys real [5.0, 90.0]
@attribute Dribbling real [8.0, 97.0]
@attribute Curve real [9.0, 94.0]
@attribute FKAccuracy real [7.0, 94.0]
@attribute LongPassing real [12.0, 93.0]
@attribute BallControl real [11.0, 96.0]
@attribute Acceleration real [29.0, 97.0]
@attribute SprintSpeed real [26.0, 96.0]
@attribute Agility real [21.0, 96.0]
@attribute Reactions real [51.0, 96.0]
@attribute Balance real [22.0, 96.0]
@attribute ShotPower real [12.0, 95.0]
@attribute Jumping real [30.0, 95.0]
@attribute Stamina real [20.0, 96.0]
@attribute Strength real [27.0, 95.0]
@attribute LongShots real [6.0, 94.0]
@attribute Aggression real [11.0, 94.0]
@attribute Interceptions real [7.0, 92.0]
@attribute Positioning real [4.0, 95.0]
@attribute Vision real [11.0, 94.0]
@attribute Penalties real [10.0, 92.0]
@attribute Composure real [25.0, 96.0]
@attribute Marking real [9.0, 94.0]
@attribute StandingTackle real [7.0, 92.0]
@attribute SlidingTackle real [8.0, 91.0]
@attribute GKDiving real [1.0, 90.0]
@attribute GKHandling real [1.0, 92.0]
@attribute GKKicking real [1.0, 91.0]
@attribute GKPositioning real [1.0, 88.0]
@attribute GKReflexes real [1.0, 94.0]
@inputs Age, Overall, Potential, Special, InternationalReputation, WeakFoot, SkillMoves, ContractValidUntil, Crossing, Finishing, HeadingAccuracy, ShortPassing, Volleys, Dribbling, Curve, FKAccuracy, LongPassing, BallControl, Acceleration, SprintSpeed, Agility, Reactions, Balance, ShotPower, Jumping, Stamina, Strength, LongShots, Aggression, Interceptions, Positioning, Vision, Penalties, Composure, Marking, StandingTackle, SlidingTackle, GKDiving, GKHandling, GKKicking, GKPositioning, GKReflexes
@outputs Value
@data
23, 72, 77, Menor_que_5700, 1817, 1.0, 3.0, 3.0, 2020.0, 54.0, 52.0, 55.0, 75.0, 43.0, 75.0, 59.0, 41.0, 70.0, 75.0, 67.0, 69.0, 64.0, 72.0, 66.0, 57.0, 63.0, 65.0, 66.0, 57.0, 68.0, 69.0, 67.0, 74.0, 53.0, 69.0, 60.0, 68.0, 63.0, 8.0, 11.0, 9.0, 9.0, 13.0
23, 72, 76, Menor_que_5700, 1753, 1.0, 4.0, 3.0, 2022.0, 58.0, 68.0, 41.0, 70.0, 53.0, 78.0, 65.0, 64.0, 64.0, 76.0, 76.0, 77.0, 85.0, 53.0, 86.0, 76.0, 67.0, 70.0, 48.0, 73.0, 32.0, 17.0, 63.0, 70.0, 61.0, 70.0, 47.0, 32.0, 26.0, 14.0, 12.0, 7.0, 12.0, 12.0
25, 72, 77, Menor_que_5700, 1868, 1.0, 3.0, 3.0, 2019.0, 69.0, 65.0, 38.0, 80.0, 51.0, 69.0, 70.0, 62.0, 77.0, 74.0, 74.0, 71.0, 88.0, 60.0, 72.0, 67.0, 69.0, 84.0, 75.0, 66.0, 44.0, 42.0, 72.0, 75.0, 68.0, 84.0, 60.0, 50.0, 26.0, 11.0, 6.0, 14.0, 8.0, 11.0
24, 84, 89, Menor_que_5700, 2083, 3.0, 3.0, 5.0, 2021.0, 79.0, 79.0, 65.0, 80.0, 74.0, 85.0, 85.0, 88.0, 74.0, 85.0, 87.0, 87.0, 82.0, 79.0, 79.0, 87.0, 74.0, 79.0, 80.0, 81.0, 76.0, 28.0, 83.0, 82.0, 75.0, 79.0, 29.0, 31.0, 20.0, 8.0, 14.0, 6.0, 12.0, 10.0
30, 74, 74, Menor_que_5700, 1505, 1.0, 2.0, 2.0, 2019.0, 43.0, 23.0, 76.0, 69.0, 23.0, 38.0, 35.0, 36.0, 68.0, 56.0, 34.0, 37.0, 47.0, 70.0, 40.0, 25.0, 38.0, 66.0, 80.0, 21.0, 77.0, 79.0, 41.0, 58.0, 65.0, 67.0, 78.0, 76.0, 71.0, 6.0, 8.0, 7.0, 7.0, 7.0
30, 74, 74, Menor_que_5700, 1817, 1.0, 3.0, 2.0, 2020.0, 58.0, 22.0, 70.0, 59.0, 30.0, 60.0, 65.0, 67.0, 53.0, 61.0, 69.0, 68.0, 66.0, 70.0, 72.0, 57.0, 92.0, 73.0, 76.0, 57.0, 80.0, 76.0, 42.0, 39.0, 45.0, 65.0, 75.0, 73.0, 74.0, 13.0, 13.0, 14.0, 15.0, 13.0
30, 74, 74, Menor_que_5700, 2010, 1.0, 3.0, 2.0, 2021.0, 42.0, 65.0, 73.0, 76.0, 71.0, 64.0, 53.0, 71.0, 77.0, 70.0, 74.0, 76.0, 68.0, 82.0, 68.0, 82.0, 68.0, 77.0, 69.0, 77.0, 66.0, 66.0, 70.0, 63.0, 70.0, 69.0, 81.0, 76.0, 68.0, 7.0, 12.0, 13.0, 7.0, 8.0
30, 74, 74, Menor_que_5700, 1551, 1.0, 3.0, 2.0, 2021.0, 39.0, 37.0, 77.0, 65.0, 22.0, 47.0, 37.0, 43.0, 58.0, 43.0, 50.0, 55.0, 40.0, 70.0, 34.0, 56.0, 72.0, 60.0, 85.0, 34.0, 80.0, 71.0, 27.0, 33.0, 46.0, 79.0, 74.0, 77.0, 72.0, 6.0, 8.0, 14.0, 13.0, 6.0
26, 73, 76, Menor_que_5700, 1648, 1.0, 3.0, 2.0, 2021.0, 53.0, 18.0, 74.0, 69.0, 26.0, 62.0, 48.0, 26.0, 65.0, 62.0, 52.0, 66.0, 51.0, 70.0, 35.0, 67.0, 66.0, 69.0, 84.0, 33.0, 77.0, 71.0, 30.0, 65.0, 40.0, 72.0, 70.0, 73.0, 70.0, 11.0, 10.0, 14.0, 10.0, 11.0
24, 72, 77, Menor_que_5700, 1580, 1.0, 3.0, 3.0, 2020.0, 38.0, 71.0, 70.0, 57.0, 68.0, 67.0, 49.0, 58.0, 38.0, 69.0, 54.0, 74.0, 51.0, 71.0, 33.0, 79.0, 34.0, 69.0, 87.0, 61.0, 71.0, 37.0, 73.0, 48.0, 71.0, 67.0, 17.0, 18.0, 11.0, 7.0, 7.0, 6.0, 5.0, 11.0
32, 76, 76, Menor_que_5700, 1941, 2.0, 3.0, 3.0, 2019.0, 78.0, 37.0, 43.0, 78.0, 50.0, 76.0, 77.0, 58.0, 64.0, 78.0, 76.0, 68.0, 79.0, 77.0, 79.0, 58.0, 53.0, 71.0, 53.0, 44.0, 84.0, 76.0, 61.0, 63.0, 63.0, 77.0, 73.0, 77.0, 82.0, 15.0, 7.0, 16.0, 12.0, 15.0
32, 76, 76, Menor_que_5700, 2103, 2.0, 4.0, 4.0, 2020.0, 79.0, 73.0, 55.0, 76.0, 65.0, 81.0, 74.0, 67.0, 70.0, 80.0, 80.0, 75.0, 84.0, 76.0, 85.0, 75.0, 69.0, 75.0, 54.0, 75.0, 74.0, 74.0, 74.0, 74.0, 66.0, 72.0, 72.0, 70.0, 70.0, 15.0, 10.0, 12.0, 11.0, 13.0
26, 73, 73, Menor_que_5700, 1997, 1.0, 3.0, 3.0, 2020.0, 75.0, 58.0, 51.0, 73.0, 71.0, 74.0, 76.0, 77.0, 71.0, 73.0, 78.0, 80.0, 85.0, 69.0, 90.0, 75.0, 63.0, 71.0, 60.0, 73.0, 77.0, 63.0, 70.0, 69.0, 72.0, 71.0, 50.0, 52.0, 47.0, 9.0, 10.0, 9.0, 12.0, 14.0
25, 73, 77, Menor_que_5700, 1589, 1.0, 3.0, 2.0, 2022.0, 34.0, 30.0, 75.0, 65.0, 32.0, 46.0, 30.0, 28.0, 56.0, 63.0, 67.0, 61.0, 63.0, 66.0, 55.0, 53.0, 85.0, 54.0, 77.0, 22.0, 68.0, 72.0, 25.0, 49.0, 40.0, 74.0, 73.0, 73.0, 70.0, 13.0, 10.0, 11.0, 8.0, 15.0
24, 72, 78, Menor_que_5700, 1824, 1.0, 2.0, 3.0, 2019.0, 68.0, 64.0, 57.0, 68.0, 56.0, 77.0, 50.0, 44.0, 56.0, 75.0, 83.0, 81.0, 82.0, 68.0, 71.0, 65.0, 74.0, 85.0, 63.0, 61.0, 64.0, 48.0, 66.0, 65.0, 63.0, 65.0, 41.0, 38.0, 34.0, 9.0, 15.0, 13.0, 7.0, 13.0
23, 72, 78, Menor_que_5700, 1816, 1.0, 4.0, 3.0, 2019.0, 66.0, 70.0, 51.0, 67.0, 58.0, 73.0, 37.0, 37.0, 65.0, 71.0, 92.0, 89.0, 86.0, 67.0, 79.0, 68.0, 78.0, 66.0, 64.0, 67.0, 58.0, 50.0, 65.0, 67.0, 40.0, 70.0, 37.0, 51.0, 46.0, 14.0, 12.0, 8.0, 11.0, 6.0
24, 72, 78, Menor_que_5700, 1843, 1.0, 4.0, 4.0, 2021.0, 73.0, 69.0, 56.0, 70.0, 56.0, 76.0, 62.0, 75.0, 64.0, 73.0, 76.0, 72.0, 77.0, 67.0, 74.0, 74.0, 60.0, 73.0, 58.0, 77.0, 66.0, 22.0, 70.0, 72.0, 65.0, 70.0, 48.0, 35.0, 33.0, 10.0, 7.0, 13.0, 13.0, 7.0
31, 75, 75, Menor_que_5700, 2038, 1.0, 3.0, 3.0, 2019.0, 76.0, 51.0, 60.0, 69.0, 61.0, 71.0, 71.0, 62.0, 69.0, 73.0, 87.0, 79.0, 77.0, 70.0, 66.0, 78.0, 73.0, 79.0, 69.0, 73.0, 85.0, 75.0, 68.0, 64.0, 69.0, 68.0, 70.0, 74.0, 74.0, 9.0, 9.0, 9.0, 11.0, 7.0
29, 74, 75, Menor_que_5700, 1189, 1.0, 3.0, 1.0, 2019.0, 20.0, 16.0, 11.0, 22.0, 18.0, 12.0, 13.0, 12.0, 35.0, 26.0, 46.0, 44.0, 47.0, 72.0, 46.0, 17.0, 70.0, 34.0, 65.0, 12.0, 22.0, 14.0, 9.0, 58.0, 37.0, 55.0, 17.0, 17.0, 13.0, 75.0, 74.0, 69.0, 70.0, 76.0
29, 74, 74, Menor_que_5700, 1468, 1.0, 2.0, 2.0, 2021.0, 35.0, 16.0, 76.0, 60.0, 14.0, 39.0, 37.0, 20.0, 55.0, 49.0, 43.0, 55.0, 39.0, 69.0, 55.0, 48.0, 72.0, 55.0, 84.0, 18.0, 75.0, 75.0, 26.0, 49.0, 23.0, 60.0, 72.0, 77.0, 74.0, 13.0, 14.0, 7.0, 15.0, 9.0
24, 73, 77, Menor_que_5700, 1667, 1.0, 3.0, 2.0, 2022.0, 53.0, 32.0, 68.0, 58.0, 35.0, 61.0, 33.0, 30.0, 55.0, 59.0, 68.0, 73.0, 57.0, 63.0, 51.0, 65.0, 74.0, 73.0, 84.0, 38.0, 73.0, 68.0, 25.0, 42.0, 49.0, 63.0, 77.0, 75.0, 74.0, 8.0, 13.0, 15.0, 7.0, 11.0
24, 72, 79, Menor_que_5700, 1984, 1.0, 3.0, 3.0, 2020.0, 68.0, 68.0, 61.0, 73.0, 64.0, 75.0, 66.0, 69.0, 71.0, 73.0, 68.0, 69.0, 64.0, 66.0, 80.0, 80.0, 64.0, 76.0, 89.0, 72.0, 76.0, 52.0, 72.0, 71.0, 67.0, 74.0, 58.0, 64.0, 57.0, 12.0, 13.0, 8.0, 8.0, 10.0
34, 80, 80, Menor_que_5700, 2044, 2.0, 3.0, 3.0, 2019.0, 67.0, 61.0, 59.0, 80.0, 60.0, 73.0, 62.0, 54.0, 74.0, 78.0, 67.0, 65.0, 77.0, 76.0, 76.0, 71.0, 70.0, 86.0, 64.0, 63.0, 88.0, 80.0, 64.0, 72.0, 62.0, 77.0, 81.0, 81.0, 73.0, 13.0, 7.0, 15.0, 13.0, 12.0
34, 80, 80, Menor_que_5700, 1973, 4.0, 3.0, 2.0, 2019.0, 63.0, 42.0, 66.0, 79.0, 51.0, 58.0, 63.0, 50.0, 75.0, 80.0, 69.0, 62.0, 72.0, 79.0, 78.0, 76.0, 80.0, 76.0, 72.0, 55.0, 88.0, 85.0, 51.0, 68.0, 60.0, 81.0, 78.0, 81.0, 82.0, 6.0, 10.0, 8.0, 5.0, 5.0
34, 77, 77, Menor_que_5700, 2005, 1.0, 3.0, 4.0, 2020.0, 78.0, 70.0, 57.0, 79.0, 61.0, 77.0, 82.0, 77.0, 78.0, 80.0, 69.0, 71.0, 69.0, 75.0, 73.0, 75.0, 67.0, 79.0, 75.0, 72.0, 86.0, 60.0, 68.0, 80.0, 73.0, 83.0, 33.0, 48.0, 46.0, 8.0, 6.0, 8.0, 9.0, 16.0
24, 73, 78, Menor_que_5700, 1808, 1.0, 2.0, 3.0, 2019.0, 73.0, 31.0, 61.0, 73.0, 31.0, 71.0, 50.0, 42.0, 67.0, 71.0, 78.0, 81.0, 73.0, 68.0, 76.0, 49.0, 75.0, 75.0, 68.0, 48.0, 62.0, 68.0, 59.0, 45.0, 49.0, 71.0, 65.0, 74.0, 73.0, 13.0, 6.0, 16.0, 6.0, 11.0
25, 73, 78, Menor_que_5700, 1989, 1.0, 3.0, 3.0, 2021.0, 59.0, 58.0, 69.0, 72.0, 52.0, 65.0, 57.0, 59.0, 65.0, 71.0, 76.0, 74.0, 72.0, 66.0, 75.0, 72.0, 78.0, 82.0, 80.0, 65.0, 77.0, 75.0, 64.0, 63.0, 58.0, 65.0, 72.0, 74.0, 73.0, 15.0, 15.0, 15.0, 10.0, 11.0
23, 73, 78, Menor_que_5700, 1926, 1.0, 3.0, 3.0, 2019.0, 73.0, 63.0, 42.0, 76.0, 54.0, 74.0, 63.0, 58.0, 73.0, 77.0, 68.0, 54.0, 73.0, 73.0, 67.0, 68.0, 53.0, 69.0, 71.0, 65.0, 74.0, 70.0, 65.0, 74.0, 68.0, 54.0, 72.0, 70.0, 66.0, 9.0, 13.0, 9.0, 15.0, 7.0
28, 74, 74, Menor_que_5700, 1919, 1.0, 3.0, 3.0, 2019.0, 48.0, 61.0, 56.0, 70.0, 55.0, 64.0, 43.0, 45.0, 68.0, 68.0, 75.0, 76.0, 73.0, 69.0, 42.0, 81.0, 91.0, 85.0, 77.0, 66.0, 78.0, 74.0, 65.0, 67.0, 41.0, 72.0, 72.0, 76.0, 76.0, 15.0, 16.0, 10.0, 7.0, 9.0
27, 74, 74, Menor_que_5700, 1914, 1.0, 3.0, 3.0, 2021.0, 77.0, 49.0, 59.0, 70.0, 46.0, 68.0, 76.0, 68.0, 62.0, 72.0, 66.0, 71.0, 62.0, 73.0, 64.0, 72.0, 61.0, 81.0, 71.0, 67.0, 66.0, 76.0, 57.0, 44.0, 64.0, 65.0, 73.0, 75.0, 72.0, 7.0, 10.0, 15.0, 10.0, 10.0
26, 73, 74, Menor_que_5700, 1832, 1.0, 3.0, 3.0, 2020.0, 62.0, 48.0, 48.0, 74.0, 39.0, 73.0, 62.0, 37.0, 69.0, 74.0, 65.0, 56.0, 70.0, 74.0, 67.0, 69.0, 64.0, 81.0, 64.0, 68.0, 66.0, 69.0, 67.0, 69.0, 34.0, 74.0, 65.0, 73.0, 69.0, 15.0, 16.0, 7.0, 7.0, 11.0
23, 72, 80, Menor_que_5700, 1756, 1.0, 3.0, 3.0, 2021.0, 69.0, 66.0, 40.0, 68.0, 50.0, 78.0, 75.0, 62.0, 60.0, 70.0, 77.0, 82.0, 78.0, 64.0, 75.0, 73.0, 46.0, 66.0, 59.0, 73.0, 31.0, 18.0, 68.0, 71.0, 68.0, 65.0, 34.0, 38.0, 39.0, 13.0, 16.0, 13.0, 10.0, 6.0
21, 72, 80, Menor_que_5700, 1730, 1.0, 3.0, 3.0, 2022.0, 68.0, 70.0, 49.0, 71.0, 67.0, 76.0, 49.0, 45.0, 62.0, 75.0, 76.0, 74.0, 68.0, 67.0, 61.0, 64.0, 63.0, 58.0, 54.0, 63.0, 59.0, 39.0, 70.0, 73.0, 56.0, 63.0, 32.0, 37.0, 38.0, 7.0, 5.0, 11.0, 14.0, 9.0
34, 77, 77, Menor_que_5700, 1901, 3.0, 5.0, 4.0, 2020.0, 51.0, 77.0, 78.0, 70.0, 70.0, 76.0, 68.0, 38.0, 45.0, 75.0, 76.0, 73.0, 77.0, 70.0, 82.0, 80.0, 77.0, 73.0, 75.0, 72.0, 72.0, 40.0, 83.0, 72.0, 83.0, 74.0, 31.0, 33.0, 25.0, 16.0, 16.0, 13.0, 8.0, 6.0
26, 74, 76, Menor_que_5700, 1119, 1.0, 3.0, 1.0, 2023.0, 11.0, 18.0, 16.0, 28.0, 18.0, 12.0, 19.0, 15.0, 23.0, 18.0, 51.0, 50.0, 21.0, 70.0, 50.0, 19.0, 54.0, 29.0, 33.0, 14.0, 19.0, 17.0, 12.0, 65.0, 19.0, 63.0, 29.0, 18.0, 16.0, 75.0, 71.0, 59.0, 74.0, 76.0
31, 74, 74, Menor_que_5700, 1976, 2.0, 4.0, 3.0, 2018.0, 67.0, 60.0, 71.0, 80.0, 65.0, 70.0, 55.0, 54.0, 71.0, 73.0, 65.0, 68.0, 73.0, 76.0, 72.0, 74.0, 80.0, 90.0, 62.0, 65.0, 76.0, 74.0, 71.0, 69.0, 64.0, 76.0, 69.0, 61.0, 54.0, 9.0, 14.0, 6.0, 12.0, 6.0
26, 73, 75, Menor_que_5700, 1952, 1.0, 3.0, 3.0, 2020.0, 68.0, 48.0, 59.0, 76.0, 50.0, 70.0, 70.0, 73.0, 76.0, 74.0, 69.0, 69.0, 66.0, 70.0, 64.0, 83.0, 72.0, 89.0, 69.0, 67.0, 69.0, 70.0, 63.0, 68.0, 64.0, 73.0, 51.0, 70.0, 58.0, 6.0, 8.0, 15.0, 16.0, 12.0
25, 73, 74, Menor_que_5700, 1856, 1.0, 3.0, 3.0, 2022.0, 69.0, 64.0, 47.0, 65.0, 63.0, 78.0, 63.0, 51.0, 62.0, 73.0, 86.0, 82.0, 91.0, 68.0, 73.0, 64.0, 57.0, 80.0, 41.0, 72.0, 54.0, 45.0, 64.0, 69.0, 67.0, 62.0, 50.0, 53.0, 41.0, 15.0, 16.0, 10.0, 9.0, 14.0
19, 72, 84, Menor_que_5700, 1882, 1.0, 3.0, 3.0, 2019.0, 51.0, 46.0, 64.0, 70.0, 33.0, 69.0, 52.0, 42.0, 65.0, 70.0, 80.0, 83.0, 81.0, 72.0, 86.0, 49.0, 83.0, 86.0, 68.0, 44.0, 76.0, 75.0, 65.0, 66.0, 51.0, 74.0, 67.0, 73.0, 69.0, 6.0, 13.0, 12.0, 8.0, 7.0
21, 72, 81, Menor_que_5700, 1827, 1.0, 2.0, 4.0, 2021.0, 76.0, 55.0, 56.0, 74.0, 53.0, 76.0, 69.0, 72.0, 65.0, 74.0, 84.0, 78.0, 77.0, 73.0, 76.0, 74.0, 56.0, 75.0, 49.0, 56.0, 56.0, 53.0, 69.0, 70.0, 65.0, 73.0, 32.0, 37.0, 33.0, 7.0, 13.0, 8.0, 10.0, 6.0
21, 72, 81, Menor_que_5700, 1761, 1.0, 3.0, 4.0, 2023.0, 58.0, 64.0, 39.0, 69.0, 51.0, 75.0, 59.0, 72.0, 67.0, 76.0, 69.0, 82.0, 82.0, 61.0, 74.0, 68.0, 50.0, 82.0, 46.0, 65.0, 56.0, 29.0, 64.0, 76.0, 52.0, 72.0, 40.0, 34.0, 45.0, 11.0, 7.0, 8.0, 15.0, 15.0
30, 75, 75, Menor_que_5700, 1905, 3.0, 3.0, 3.0, 2020.0, 58.0, 55.0, 68.0, 75.0, 52.0, 73.0, 57.0, 41.0, 73.0, 74.0, 68.0, 65.0, 65.0, 70.0, 59.0, 68.0, 71.0, 68.0, 75.0, 42.0, 82.0, 75.0, 62.0, 67.0, 66.0, 75.0, 72.0, 74.0, 72.0, 8.0, 12.0, 15.0, 11.0, 12.0
30, 75, 75, Menor_que_5700, 1603, 1.0, 3.0, 2.0, 2020.0, 40.0, 27.0, 76.0, 44.0, 50.0, 46.0, 49.0, 45.0, 39.0, 66.0, 32.0, 35.0, 47.0, 69.0, 45.0, 69.0, 46.0, 52.0, 88.0, 22.0, 80.0, 79.0, 42.0, 49.0, 71.0, 62.0, 74.0, 80.0, 77.0, 6.0, 13.0, 15.0, 16.0, 14.0
26, 73, 76, Menor_que_5700, 1962, 1.0, 4.0, 3.0, 2022.0, 74.0, 57.0, 49.0, 76.0, 56.0, 71.0, 72.0, 68.0, 78.0, 74.0, 75.0, 66.0, 80.0, 69.0, 83.0, 78.0, 74.0, 79.0, 58.0, 75.0, 63.0, 63.0, 61.0, 71.0, 57.0, 72.0, 64.0, 61.0, 58.0, 13.0, 6.0, 7.0, 16.0, 10.0
22, 72, 81, Menor_que_5700, 1717, 1.0, 3.0, 3.0, 2023.0, 60.0, 75.0, 70.0, 68.0, 65.0, 68.0, 54.0, 51.0, 53.0, 74.0, 72.0, 72.0, 61.0, 68.0, 68.0, 69.0, 67.0, 69.0, 74.0, 64.0, 55.0, 24.0, 74.0, 64.0, 63.0, 75.0, 32.0, 15.0, 12.0, 14.0, 14.0, 11.0, 7.0, 10.0
32, 91, 91, Menor_que_5700, 2201, 4.0, 3.0, 3.0, 2020.0, 66.0, 60.0, 91.0, 78.0, 66.0, 63.0, 74.0, 72.0, 77.0, 84.0, 76.0, 75.0, 78.0, 85.0, 66.0, 79.0, 93.0, 84.0, 83.0, 59.0, 88.0, 90.0, 60.0, 63.0, 75.0, 82.0, 87.0, 92.0, 91.0, 11.0, 8.0, 9.0, 7.0, 11.0
30, 76, 76, Menor_que_5700, 1488, 2.0, 3.0, 2.0, 2020.0, 32.0, 22.0, 82.0, 64.0, 22.0, 35.0, 23.0, 22.0, 57.0, 47.0, 51.0, 55.0, 51.0, 74.0, 46.0, 48.0, 65.0, 53.0, 83.0, 24.0, 73.0, 68.0, 25.0, 40.0, 38.0, 67.0, 77.0, 81.0, 78.0, 8.0, 6.0, 14.0, 15.0, 9.0
30, 76, 76, Menor_que_5700, 1651, 1.0, 3.0, 2.0, 2021.0, 55.0, 31.0, 75.0, 61.0, 44.0, 49.0, 38.0, 39.0, 62.0, 54.0, 61.0, 67.0, 44.0, 67.0, 41.0, 55.0, 57.0, 52.0, 89.0, 44.0, 88.0, 71.0, 34.0, 43.0, 51.0, 74.0, 81.0, 77.0, 71.0, 9.0, 7.0, 13.0, 9.0, 12.0
28, 75, 75, Menor_que_5700, 1913, 2.0, 3.0, 3.0, 2020.0, 72.0, 36.0, 60.0, 71.0, 49.0, 73.0, 60.0, 47.0, 69.0, 76.0, 77.0, 75.0, 77.0, 74.0, 76.0, 66.0, 67.0, 78.0, 65.0, 43.0, 74.0, 69.0, 59.0, 59.0, 60.0, 71.0, 71.0, 76.0, 77.0, 12.0, 8.0, 14.0, 9.0, 14.0
28, 75, 75, Menor_que_5700, 1837, 1.0, 2.0, 2.0, 2022.0, 60.0, 42.0, 72.0, 68.0, 41.0, 63.0, 45.0, 39.0, 69.0, 67.0, 67.0, 73.0, 65.0, 71.0, 67.0, 64.0, 76.0, 85.0, 74.0, 48.0, 81.0, 75.0, 55.0, 50.0, 48.0, 68.0, 76.0, 74.0, 76.0, 8.0, 9.0, 11.0, 7.0, 11.0
29, 74, 74, Menor_que_5700, 1852, 1.0, 2.0, 4.0, 2018.0, 59.0, 76.0, 66.0, 65.0, 74.0, 74.0, 65.0, 59.0, 49.0, 74.0, 79.0, 80.0, 80.0, 70.0, 79.0, 77.0, 63.0, 76.0, 74.0, 74.0, 45.0, 26.0, 72.0, 68.0, 78.0, 72.0, 56.0, 21.0, 19.0, 7.0, 11.0, 14.0, 13.0, 9.0
28, 74, 74, Menor_que_5700, 2034, 2.0, 4.0, 3.0, 2019.0, 67.0, 67.0, 78.0, 74.0, 66.0, 77.0, 49.0, 44.0, 74.0, 73.0, 67.0, 72.0, 71.0, 71.0, 51.0, 85.0, 83.0, 86.0, 78.0, 74.0, 82.0, 69.0, 68.0, 69.0, 72.0, 72.0, 67.0, 70.0, 69.0, 9.0, 8.0, 14.0, 16.0, 14.0
26, 74, 76, Menor_que_5700, 1661, 1.0, 3.0, 2.0, 2021.0, 35.0, 38.0, 77.0, 67.0, 30.0, 46.0, 45.0, 55.0, 67.0, 50.0, 66.0, 64.0, 43.0, 70.0, 56.0, 63.0, 85.0, 62.0, 82.0, 43.0, 78.0, 74.0, 23.0, 32.0, 43.0, 63.0, 71.0, 72.0, 70.0, 10.0, 9.0, 14.0, 6.0, 15.0
30, 74, 74, Menor_que_5700, 1930, 1.0, 3.0, 3.0, 2021.0, 80.0, 65.0, 59.0, 79.0, 58.0, 72.0, 79.0, 78.0, 76.0, 76.0, 69.0, 68.0, 71.0, 72.0, 72.0, 71.0, 62.0, 72.0, 68.0, 69.0, 59.0, 55.0, 69.0, 72.0, 80.0, 73.0, 37.0, 44.0, 37.0, 9.0, 14.0, 16.0, 16.0, 6.0
26, 74, 75, Menor_que_5700, 2081, 1.0, 3.0, 4.0, 2022.0, 76.0, 62.0, 68.0, 74.0, 51.0, 78.0, 77.0, 69.0, 70.0, 74.0, 85.0, 87.0, 72.0, 65.0, 75.0, 70.0, 72.0, 86.0, 78.0, 68.0, 71.0, 67.0, 69.0, 71.0, 80.0, 72.0, 62.0, 74.0, 71.0, 15.0, 13.0, 8.0, 11.0, 12.0
27, 74, 75, Menor_que_5700, 1715, 1.0, 2.0, 2.0, 2022.0, 47.0, 36.0, 68.0, 63.0, 54.0, 52.0, 45.0, 30.0, 58.0, 61.0, 64.0, 67.0, 66.0, 75.0, 65.0, 50.0, 83.0, 63.0, 72.0, 34.0, 69.0, 77.0, 45.0, 47.0, 44.0, 66.0, 73.0, 76.0, 74.0, 10.0, 10.0, 6.0, 16.0, 15.0
29, 74, 74, Menor_que_5700, 1894, 1.0, 4.0, 4.0, 2022.0, 70.0, 73.0, 68.0, 65.0, 76.0, 77.0, 73.0, 79.0, 60.0, 75.0, 77.0, 78.0, 81.0, 70.0, 77.0, 79.0, 76.0, 72.0, 65.0, 70.0, 55.0, 29.0, 70.0, 66.0, 73.0, 72.0, 21.0, 38.0, 33.0, 14.0, 6.0, 12.0, 6.0, 10.0
24, 74, 80, Menor_que_5700, 1140, 1.0, 3.0, 1.0, 2023.0, 20.0, 18.0, 15.0, 31.0, 15.0, 16.0, 16.0, 12.0, 24.0, 20.0, 46.0, 42.0, 32.0, 59.0, 39.0, 18.0, 51.0, 35.0, 70.0, 14.0, 27.0, 18.0, 19.0, 48.0, 25.0, 67.0, 12.0, 14.0, 16.0, 74.0, 72.0, 70.0, 75.0, 77.0
21, 73, 78, Menor_que_5700, 1697, 1.0, 2.0, 3.0, 2021.0, 66.0, 75.0, 72.0, 72.0, 61.0, 77.0, 54.0, 39.0, 55.0, 67.0, 87.0, 85.0, 78.0, 72.0, 64.0, 71.0, 70.0, 59.0, 57.0, 63.0, 32.0, 14.0, 73.0, 64.0, 71.0, 63.0, 22.0, 17.0, 16.0, 11.0, 8.0, 11.0, 5.0, 9.0
21, 73, 83, Menor_que_5700, 1685, 1.0, 3.0, 2.0, 2022.0, 44.0, 30.0, 68.0, 70.0, 30.0, 58.0, 52.0, 33.0, 67.0, 68.0, 59.0, 66.0, 61.0, 73.0, 61.0, 52.0, 71.0, 69.0, 72.0, 35.0, 73.0, 71.0, 26.0, 58.0, 48.0, 71.0, 72.0, 75.0, 71.0, 8.0, 11.0, 7.0, 12.0, 14.0
24, 73, 78, Menor_que_5700, 1729, 2.0, 3.0, 3.0, 2022.0, 66.0, 68.0, 47.0, 72.0, 66.0, 80.0, 72.0, 65.0, 60.0, 78.0, 89.0, 84.0, 91.0, 68.0, 89.0, 68.0, 33.0, 74.0, 54.0, 70.0, 30.0, 16.0, 68.0, 70.0, 56.0, 68.0, 22.0, 13.0, 12.0, 9.0, 8.0, 14.0, 6.0, 11.0
22, 73, 78, Menor_que_5700, 1861, 1.0, 4.0, 3.0, 2019.0, 68.0, 40.0, 60.0, 76.0, 65.0, 71.0, 66.0, 45.0, 75.0, 76.0, 66.0, 55.0, 61.0, 71.0, 68.0, 73.0, 61.0, 67.0, 64.0, 70.0, 70.0, 70.0, 65.0, 75.0, 44.0, 69.0, 56.0, 70.0, 68.0, 12.0, 7.0, 8.0, 8.0, 10.0
30, 88, 88, Menor_que_5700, 1965, 4.0, 4.0, 3.0, 2019.0, 68.0, 92.0, 80.0, 75.0, 90.0, 84.0, 74.0, 62.0, 59.0, 85.0, 73.0, 73.0, 75.0, 86.0, 69.0, 86.0, 79.0, 70.0, 85.0, 80.0, 50.0, 20.0, 92.0, 74.0, 70.0, 86.0, 35.0, 22.0, 18.0, 5.0, 12.0, 7.0, 5.0, 10.0
34, 82, 82, Entre_5700_e_8500, 2003, 1.0, 3.0, 2.0, 2021.0, 40.0, 56.0, 83.0, 67.0, 63.0, 60.0, 72.0, 58.0, 58.0, 64.0, 68.0, 74.0, 61.0, 78.0, 63.0, 74.0, 91.0, 76.0, 79.0, 61.0, 86.0, 82.0, 58.0, 50.0, 62.0, 70.0, 77.0, 85.0, 84.0, 18.0, 12.0, 14.0, 11.0, 18.0
34, 79, 79, Entre_5700_e_8500, 1895, 1.0, 3.0, 4.0, 2019.0, 51.0, 80.0, 79.0, 69.0, 84.0, 79.0, 78.0, 53.0, 52.0, 82.0, 64.0, 59.0, 86.0, 80.0, 69.0, 83.0, 93.0, 63.0, 71.0, 78.0, 66.0, 18.0, 83.0, 55.0, 70.0, 78.0, 35.0, 35.0, 27.0, 8.0, 9.0, 16.0, 9.0, 11.0
33, 79, 79, Entre_5700_e_8500, 1155, 2.0, 3.0, 1.0, 2019.0, 13.0, 14.0, 10.0, 39.0, 18.0, 13.0, 12.0, 13.0, 36.0, 20.0, 42.0, 32.0, 49.0, 80.0, 43.0, 23.0, 69.0, 22.0, 66.0, 14.0, 25.0, 17.0, 7.0, 38.0, 21.0, 49.0, 9.0, 12.0, 13.0, 78.0, 77.0, 70.0, 81.0, 79.0
34, 79, 79, Entre_5700_e_8500, 1835, 3.0, 3.0, 3.0, 2020.0, 58.0, 80.0, 92.0, 72.0, 76.0, 72.0, 64.0, 44.0, 55.0, 74.0, 67.0, 70.0, 65.0, 76.0, 52.0, 78.0, 76.0, 57.0, 82.0, 66.0, 70.0, 31.0, 78.0, 76.0, 79.0, 84.0, 25.0, 25.0, 19.0, 13.0, 9.0, 12.0, 9.0, 13.0
30, 77, 77, Entre_5700_e_8500, 1711, 1.0, 3.0, 2.0, 2020.0, 33.0, 40.0, 72.0, 60.0, 38.0, 59.0, 45.0, 22.0, 60.0, 60.0, 68.0, 68.0, 58.0, 73.0, 61.0, 68.0, 73.0, 66.0, 77.0, 41.0, 79.0, 77.0, 37.0, 45.0, 35.0, 68.0, 84.0, 80.0, 76.0, 9.0, 10.0, 10.0, 15.0, 12.0
30, 77, 77, Entre_5700_e_8500, 2023, 1.0, 3.0, 3.0, 2021.0, 74.0, 57.0, 70.0, 80.0, 56.0, 66.0, 68.0, 69.0, 78.0, 78.0, 58.0, 61.0, 72.0, 77.0, 77.0, 71.0, 78.0, 68.0, 59.0, 67.0, 83.0, 78.0, 65.0, 79.0, 61.0, 78.0, 66.0, 80.0, 80.0, 7.0, 6.0, 10.0, 14.0, 10.0
26, 75, 77, Entre_5700_e_8500, 1878, 2.0, 3.0, 3.0, 2019.0, 75.0, 50.0, 62.0, 66.0, 43.0, 65.0, 60.0, 35.0, 51.0, 71.0, 78.0, 76.0, 72.0, 72.0, 66.0, 66.0, 74.0, 79.0, 66.0, 44.0, 67.0, 75.0, 68.0, 60.0, 55.0, 69.0, 75.0, 71.0, 76.0, 12.0, 14.0, 8.0, 15.0, 11.0
30, 75, 75, Entre_5700_e_8500, 1835, 1.0, 3.0, 3.0, 2019.0, 71.0, 66.0, 42.0, 74.0, 65.0, 80.0, 85.0, 69.0, 72.0, 76.0, 74.0, 73.0, 77.0, 72.0, 80.0, 75.0, 70.0, 63.0, 63.0, 76.0, 54.0, 31.0, 70.0, 72.0, 40.0, 68.0, 42.0, 24.0, 23.0, 15.0, 7.0, 7.0, 12.0, 15.0
30, 75, 75, Entre_5700_e_8500, 1992, 1.0, 4.0, 3.0, 2020.0, 68.0, 72.0, 80.0, 73.0, 60.0, 77.0, 77.0, 62.0, 66.0, 77.0, 84.0, 75.0, 92.0, 72.0, 95.0, 75.0, 93.0, 77.0, 42.0, 71.0, 74.0, 28.0, 73.0, 71.0, 79.0, 74.0, 55.0, 39.0, 37.0, 13.0, 11.0, 8.0, 8.0, 8.0
25, 75, 80, Entre_5700_e_8500, 1204, 1.0, 3.0, 1.0, 2020.0, 20.0, 19.0, 14.0, 29.0, 12.0, 18.0, 17.0, 14.0, 22.0, 22.0, 62.0, 42.0, 35.0, 71.0, 57.0, 18.0, 66.0, 35.0, 65.0, 15.0, 25.0, 27.0, 19.0, 28.0, 23.0, 35.0, 20.0, 18.0, 16.0, 81.0, 68.0, 76.0, 73.0, 77.0
28, 75, 75, Entre_5700_e_8500, 1841, 1.0, 3.0, 3.0, 2020.0, 76.0, 68.0, 50.0, 75.0, 59.0, 74.0, 74.0, 66.0, 68.0, 73.0, 77.0, 77.0, 78.0, 75.0, 70.0, 80.0, 53.0, 64.0, 66.0, 73.0, 41.0, 40.0, 74.0, 75.0, 48.0, 73.0, 38.0, 33.0, 35.0, 10.0, 10.0, 12.0, 15.0, 14.0
27, 75, 77, Entre_5700_e_8500, 1972, 1.0, 4.0, 3.0, 2021.0, 62.0, 55.0, 63.0, 78.0, 59.0, 64.0, 64.0, 68.0, 74.0, 74.0, 60.0, 63.0, 71.0, 73.0, 69.0, 82.0, 74.0, 70.0, 76.0, 59.0, 79.0, 75.0, 64.0, 73.0, 55.0, 72.0, 68.0, 76.0, 74.0, 9.0, 7.0, 12.0, 12.0, 10.0
28, 75, 75, Entre_5700_e_8500, 1971, 1.0, 3.0, 4.0, 2021.0, 71.0, 64.0, 56.0, 76.0, 62.0, 78.0, 73.0, 69.0, 74.0, 75.0, 75.0, 75.0, 74.0, 72.0, 66.0, 74.0, 33.0, 82.0, 70.0, 76.0, 72.0, 62.0, 70.0, 75.0, 61.0, 72.0, 67.0, 62.0, 56.0, 7.0, 8.0, 14.0, 10.0, 12.0
25, 75, 76, Entre_5700_e_8500, 1893, 2.0, 2.0, 3.0, 2022.0, 76.0, 38.0, 57.0, 69.0, 39.0, 72.0, 71.0, 68.0, 59.0, 68.0, 73.0, 87.0, 67.0, 71.0, 63.0, 70.0, 53.0, 85.0, 76.0, 49.0, 83.0, 72.0, 59.0, 51.0, 44.0, 67.0, 69.0, 75.0, 74.0, 9.0, 15.0, 9.0, 8.0, 14.0
23, 74, 80, Entre_5700_e_8500, 1833, 1.0, 3.0, 3.0, 2020.0, 76.0, 47.0, 63.0, 72.0, 41.0, 69.0, 44.0, 42.0, 68.0, 73.0, 81.0, 78.0, 71.0, 69.0, 71.0, 59.0, 70.0, 76.0, 61.0, 41.0, 64.0, 68.0, 57.0, 64.0, 44.0, 63.0, 67.0, 73.0, 72.0, 15.0, 6.0, 12.0, 8.0, 11.0
27, 74, 75, Entre_5700_e_8500, 1812, 1.0, 2.0, 3.0, 2022.0, 56.0, 76.0, 73.0, 69.0, 67.0, 68.0, 55.0, 55.0, 55.0, 72.0, 70.0, 73.0, 75.0, 68.0, 63.0, 75.0, 82.0, 72.0, 80.0, 64.0, 72.0, 33.0, 76.0, 68.0, 69.0, 72.0, 32.0, 19.0, 23.0, 10.0, 7.0, 13.0, 10.0, 12.0
25, 74, 80, Entre_5700_e_8500, 1518, 1.0, 3.0, 2.0, 2022.0, 28.0, 24.0, 74.0, 65.0, 20.0, 40.0, 31.0, 22.0, 57.0, 62.0, 61.0, 59.0, 57.0, 70.0, 69.0, 33.0, 75.0, 63.0, 77.0, 28.0, 68.0, 73.0, 24.0, 29.0, 21.0, 55.0, 76.0, 75.0, 74.0, 12.0, 8.0, 16.0, 16.0, 11.0
27, 77, 77, Entre_5700_e_8500, 1742, 2.0, 2.0, 2.0, 2020.0, 66.0, 20.0, 74.0, 58.0, 17.0, 60.0, 48.0, 36.0, 56.0, 55.0, 76.0, 78.0, 68.0, 72.0, 58.0, 62.0, 88.0, 75.0, 82.0, 35.0, 88.0, 77.0, 38.0, 34.0, 37.0, 72.0, 77.0, 79.0, 76.0, 12.0, 11.0, 7.0, 8.0, 14.0
27, 76, 77, Entre_5700_e_8500, 1977, 2.0, 3.0, 3.0, 2020.0, 66.0, 55.0, 66.0, 75.0, 55.0, 71.0, 51.0, 52.0, 71.0, 72.0, 69.0, 64.0, 70.0, 74.0, 74.0, 75.0, 76.0, 68.0, 74.0, 65.0, 83.0, 79.0, 69.0, 71.0, 51.0, 74.0, 78.0, 77.0, 77.0, 9.0, 8.0, 14.0, 7.0, 11.0
26, 76, 77, Entre_5700_e_8500, 1843, 2.0, 4.0, 2.0, 2020.0, 70.0, 50.0, 73.0, 73.0, 38.0, 64.0, 40.0, 34.0, 73.0, 66.0, 63.0, 68.0, 67.0, 77.0, 68.0, 60.0, 72.0, 81.0, 74.0, 41.0, 81.0, 80.0, 55.0, 56.0, 42.0, 74.0, 76.0, 80.0, 78.0, 7.0, 10.0, 6.0, 9.0, 11.0
30, 76, 76, Entre_5700_e_8500, 1898, 3.0, 4.0, 3.0, 2021.0, 46.0, 73.0, 76.0, 70.0, 75.0, 74.0, 67.0, 69.0, 63.0, 73.0, 87.0, 89.0, 70.0, 71.0, 70.0, 75.0, 82.0, 51.0, 73.0, 68.0, 60.0, 29.0, 74.0, 70.0, 80.0, 78.0, 32.0, 39.0, 34.0, 12.0, 15.0, 13.0, 6.0, 12.0
29, 76, 76, Entre_5700_e_8500, 1768, 1.0, 3.0, 3.0, 2021.0, 62.0, 81.0, 72.0, 61.0, 69.0, 70.0, 55.0, 48.0, 49.0, 72.0, 72.0, 76.0, 66.0, 72.0, 36.0, 76.0, 64.0, 76.0, 81.0, 71.0, 73.0, 19.0, 81.0, 56.0, 76.0, 70.0, 29.0, 28.0, 29.0, 12.0, 8.0, 10.0, 6.0, 12.0
27, 76, 78, Entre_5700_e_8500, 1931, 1.0, 3.0, 2.0, 2021.0, 58.0, 49.0, 68.0, 76.0, 39.0, 70.0, 65.0, 58.0, 74.0, 71.0, 62.0, 69.0, 65.0, 73.0, 61.0, 65.0, 69.0, 85.0, 75.0, 57.0, 75.0, 76.0, 64.0, 68.0, 52.0, 72.0, 75.0, 76.0, 75.0, 12.0, 9.0, 14.0, 13.0, 13.0
25, 76, 78, Entre_5700_e_8500, 1967, 1.0, 3.0, 3.0, 2021.0, 78.0, 40.0, 65.0, 72.0, 46.0, 71.0, 68.0, 50.0, 69.0, 71.0, 77.0, 78.0, 73.0, 74.0, 72.0, 79.0, 70.0, 77.0, 71.0, 65.0, 74.0, 75.0, 58.0, 56.0, 64.0, 70.0, 75.0, 77.0, 73.0, 12.0, 6.0, 14.0, 10.0, 7.0
26, 76, 77, Entre_5700_e_8500, 1927, 2.0, 3.0, 3.0, 2022.0, 74.0, 59.0, 70.0, 75.0, 39.0, 74.0, 62.0, 46.0, 71.0, 77.0, 75.0, 74.0, 68.0, 72.0, 65.0, 59.0, 67.0, 75.0, 70.0, 41.0, 66.0, 71.0, 74.0, 69.0, 49.0, 72.0, 73.0, 78.0, 77.0, 15.0, 10.0, 8.0, 13.0, 11.0
23, 75, 79, Entre_5700_e_8500, 1783, 1.0, 3.0, 2.0, 2023.0, 59.0, 41.0, 65.0, 75.0, 47.0, 59.0, 49.0, 42.0, 72.0, 72.0, 53.0, 57.0, 54.0, 62.0, 52.0, 59.0, 45.0, 75.0, 81.0, 55.0, 83.0, 78.0, 50.0, 62.0, 53.0, 65.0, 75.0, 76.0, 73.0, 12.0, 11.0, 14.0, 16.0, 6.0
25, 75, 80, Entre_5700_e_8500, 1627, 2.0, 3.0, 2.0, 2019.0, 44.0, 21.0, 74.0, 72.0, 27.0, 64.0, 24.0, 28.0, 70.0, 66.0, 53.0, 53.0, 59.0, 71.0, 61.0, 40.0, 64.0, 65.0, 79.0, 25.0, 74.0, 76.0, 35.0, 59.0, 35.0, 69.0, 74.0, 77.0, 76.0, 13.0, 10.0, 15.0, 12.0, 11.0
21, 74, 79, Entre_5700_e_8500, 1870, 1.0, 4.0, 4.0, 2021.0, 71.0, 61.0, 63.0, 76.0, 61.0, 81.0, 70.0, 63.0, 67.0, 80.0, 71.0, 75.0, 73.0, 66.0, 68.0, 65.0, 58.0, 66.0, 67.0, 65.0, 57.0, 38.0, 73.0, 74.0, 65.0, 75.0, 38.0, 47.0, 49.0, 12.0, 13.0, 15.0, 12.0, 10.0
33, 94, 94, Entre_5700_e_8500, 2228, 5.0, 4.0, 5.0, 2022.0, 84.0, 94.0, 89.0, 81.0, 87.0, 88.0, 81.0, 76.0, 77.0, 94.0, 89.0, 91.0, 87.0, 96.0, 70.0, 95.0, 95.0, 88.0, 79.0, 93.0, 63.0, 29.0, 95.0, 82.0, 85.0, 95.0, 28.0, 31.0, 23.0, 7.0, 11.0, 15.0, 14.0, 11.0
32, 80, 80, Entre_5700_e_8500, 1208, 3.0, 3.0, 1.0, 2022.0, 19.0, 13.0, 18.0, 23.0, 10.0, 15.0, 19.0, 13.0, 22.0, 22.0, 51.0, 50.0, 53.0, 71.0, 45.0, 24.0, 62.0, 35.0, 72.0, 13.0, 24.0, 17.0, 11.0, 59.0, 10.0, 67.0, 18.0, 13.0, 13.0, 77.0, 72.0, 78.0, 82.0, 84.0
31, 79, 79, Entre_5700_e_8500, 1988, 1.0, 3.0, 2.0, 2019.0, 68.0, 60.0, 76.0, 71.0, 66.0, 57.0, 68.0, 54.0, 65.0, 70.0, 75.0, 75.0, 66.0, 72.0, 60.0, 68.0, 76.0, 77.0, 82.0, 58.0, 81.0, 80.0, 63.0, 60.0, 49.0, 73.0, 77.0, 80.0, 78.0, 12.0, 16.0, 10.0, 12.0, 6.0
27, 78, 78, Entre_5700_e_8500, 1644, 1.0, 3.0, 2.0, 2021.0, 41.0, 31.0, 80.0, 70.0, 33.0, 54.0, 31.0, 30.0, 61.0, 67.0, 55.0, 53.0, 55.0, 77.0, 65.0, 48.0, 75.0, 68.0, 78.0, 23.0, 79.0, 78.0, 21.0, 45.0, 35.0, 70.0, 77.0, 78.0, 77.0, 14.0, 12.0, 7.0, 14.0, 12.0
29, 78, 80, Entre_5700_e_8500, 1275, 1.0, 2.0, 1.0, 2022.0, 12.0, 10.0, 12.0, 48.0, 11.0, 19.0, 15.0, 13.0, 45.0, 33.0, 49.0, 44.0, 44.0, 73.0, 60.0, 22.0, 73.0, 40.0, 60.0, 17.0, 26.0, 25.0, 10.0, 54.0, 20.0, 59.0, 19.0, 15.0, 14.0, 75.0, 80.0, 81.0, 76.0, 80.0
29, 77, 77, Entre_5700_e_8500, 2035, 2.0, 4.0, 3.0, 2020.0, 70.0, 69.0, 68.0, 82.0, 78.0, 76.0, 64.0, 70.0, 78.0, 78.0, 59.0, 62.0, 52.0, 68.0, 51.0, 82.0, 74.0, 75.0, 83.0, 76.0, 75.0, 65.0, 69.0, 81.0, 72.0, 75.0, 60.0, 70.0, 69.0, 10.0, 16.0, 11.0, 13.0, 9.0
29, 77, 77, Entre_5700_e_8500, 1888, 2.0, 3.0, 3.0, 2020.0, 47.0, 60.0, 81.0, 78.0, 75.0, 66.0, 31.0, 44.0, 77.0, 75.0, 33.0, 38.0, 41.0, 80.0, 52.0, 71.0, 77.0, 76.0, 79.0, 73.0, 76.0, 80.0, 71.0, 76.0, 51.0, 70.0, 77.0, 79.0, 74.0, 10.0, 6.0, 10.0, 8.0, 16.0
30, 77, 77, Entre_5700_e_8500, 1927, 1.0, 3.0, 4.0, 2022.0, 63.0, 72.0, 55.0, 71.0, 71.0, 81.0, 65.0, 45.0, 66.0, 78.0, 92.0, 93.0, 91.0, 77.0, 91.0, 77.0, 80.0, 71.0, 40.0, 68.0, 73.0, 42.0, 75.0, 74.0, 64.0, 77.0, 42.0, 33.0, 24.0, 12.0, 6.0, 14.0, 12.0, 9.0
23, 76, 80, Entre_5700_e_8500, 1954, 1.0, 3.0, 3.0, 2020.0, 62.0, 56.0, 63.0, 80.0, 63.0, 72.0, 69.0, 67.0, 76.0, 76.0, 67.0, 66.0, 70.0, 73.0, 66.0, 66.0, 53.0, 80.0, 69.0, 64.0, 71.0, 76.0, 55.0, 76.0, 51.0, 70.0, 71.0, 73.0, 68.0, 12.0, 13.0, 8.0, 12.0, 10.0
24, 76, 80, Entre_5700_e_8500, 1525, 1.0, 2.0, 2.0, 2021.0, 34.0, 18.0, 73.0, 62.0, 15.0, 50.0, 20.0, 18.0, 54.0, 55.0, 62.0, 68.0, 61.0, 72.0, 41.0, 48.0, 76.0, 65.0, 88.0, 38.0, 75.0, 75.0, 22.0, 22.0, 35.0, 62.0, 74.0, 78.0, 74.0, 13.0, 10.0, 9.0, 9.0, 11.0
23, 76, 81, Entre_5700_e_8500, 1934, 1.0, 3.0, 3.0, 2022.0, 58.0, 55.0, 71.0, 78.0, 53.0, 74.0, 51.0, 38.0, 79.0, 78.0, 62.0, 69.0, 71.0, 70.0, 65.0, 75.0, 70.0, 69.0, 75.0, 67.0, 74.0, 72.0, 62.0, 76.0, 49.0, 68.0, 70.0, 77.0, 74.0, 12.0, 9.0, 15.0, 8.0, 8.0
26, 76, 76, Entre_5700_e_8500, 1935, 1.0, 3.0, 4.0, 2022.0, 74.0, 74.0, 47.0, 72.0, 63.0, 77.0, 71.0, 55.0, 52.0, 76.0, 94.0, 92.0, 92.0, 72.0, 90.0, 70.0, 72.0, 75.0, 64.0, 66.0, 44.0, 40.0, 71.0, 72.0, 67.0, 74.0, 54.0, 52.0, 39.0, 12.0, 10.0, 8.0, 9.0, 9.0
24, 76, 81, Entre_5700_e_8500, 1926, 1.0, 3.0, 3.0, 2023.0, 78.0, 35.0, 70.0, 72.0, 43.0, 64.0, 69.0, 58.0, 61.0, 77.0, 79.0, 77.0, 77.0, 67.0, 79.0, 61.0, 75.0, 86.0, 76.0, 46.0, 75.0, 74.0, 55.0, 48.0, 55.0, 67.0, 65.0, 74.0, 78.0, 10.0, 9.0, 16.0, 8.0, 9.0
20, 74, 85, Entre_5700_e_8500, 2006, 1.0, 4.0, 3.0, 2021.0, 74.0, 61.0, 74.0, 73.0, 62.0, 71.0, 62.0, 62.0, 73.0, 74.0, 69.0, 69.0, 66.0, 72.0, 66.0, 71.0, 74.0, 78.0, 83.0, 64.0, 74.0, 73.0, 72.0, 70.0, 59.0, 78.0, 72.0, 71.0, 73.0, 7.0, 13.0, 11.0, 6.0, 7.0
20, 74, 83, Entre_5700_e_8500, 1728, 1.0, 3.0, 4.0, 2022.0, 64.0, 69.0, 44.0, 67.0, 65.0, 83.0, 56.0, 38.0, 47.0, 78.0, 88.0, 81.0, 93.0, 66.0, 93.0, 67.0, 65.0, 64.0, 40.0, 66.0, 55.0, 28.0, 69.0, 64.0, 49.0, 64.0, 30.0, 21.0, 29.0, 13.0, 10.0, 7.0, 13.0, 6.0
22, 74, 83, Entre_5700_e_8500, 1818, 1.0, 2.0, 3.0, 2022.0, 66.0, 62.0, 54.0, 71.0, 56.0, 78.0, 70.0, 56.0, 65.0, 76.0, 88.0, 90.0, 87.0, 77.0, 80.0, 68.0, 56.0, 66.0, 43.0, 58.0, 55.0, 31.0, 66.0, 69.0, 60.0, 68.0, 29.0, 44.0, 48.0, 6.0, 12.0, 13.0, 9.0, 9.0
30, 79, 79, Entre_8500_e_11500, 1939, 2.0, 2.0, 3.0, 2020.0, 62.0, 54.0, 70.0, 78.0, 41.0, 68.0, 65.0, 53.0, 76.0, 72.0, 61.0, 62.0, 71.0, 77.0, 57.0, 76.0, 74.0, 89.0, 80.0, 68.0, 84.0, 82.0, 59.0, 62.0, 54.0, 76.0, 78.0, 80.0, 81.0, 1.0, 1.0, 1.0, 1.0, 1.0
27, 77, 77, Entre_8500_e_11500, 1965, 3.0, 3.0, 3.0, 2019.0, 69.0, 75.0, 78.0, 75.0, 76.0, 78.0, 61.0, 62.0, 64.0, 78.0, 76.0, 83.0, 76.0, 78.0, 62.0, 78.0, 80.0, 74.0, 75.0, 69.0, 75.0, 32.0, 79.0, 71.0, 70.0, 76.0, 47.0, 38.0, 33.0, 9.0, 10.0, 6.0, 12.0, 16.0
24, 77, 80, Entre_8500_e_11500, 2009, 2.0, 2.0, 4.0, 2021.0, 78.0, 37.0, 53.0, 77.0, 29.0, 79.0, 66.0, 75.0, 65.0, 78.0, 87.0, 79.0, 78.0, 75.0, 77.0, 60.0, 68.0, 77.0, 64.0, 59.0, 87.0, 75.0, 69.0, 69.0, 67.0, 72.0, 72.0, 75.0, 80.0, 8.0, 12.0, 6.0, 14.0, 14.0
27, 77, 77, Entre_8500_e_11500, 1911, 2.0, 3.0, 4.0, 2022.0, 77.0, 71.0, 65.0, 78.0, 70.0, 77.0, 75.0, 79.0, 77.0, 80.0, 71.0, 68.0, 82.0, 74.0, 90.0, 71.0, 37.0, 69.0, 40.0, 73.0, 52.0, 45.0, 72.0, 77.0, 72.0, 71.0, 35.0, 44.0, 43.0, 7.0, 12.0, 15.0, 6.0, 7.0
27, 77, 77, Entre_8500_e_11500, 2029, 3.0, 4.0, 3.0, 2019.0, 76.0, 78.0, 63.0, 75.0, 81.0, 79.0, 80.0, 70.0, 58.0, 77.0, 79.0, 78.0, 74.0, 78.0, 75.0, 82.0, 69.0, 76.0, 67.0, 82.0, 71.0, 41.0, 80.0, 76.0, 77.0, 75.0, 42.0, 39.0, 55.0, 7.0, 11.0, 12.0, 9.0, 12.0
26, 76, 78, Entre_8500_e_11500, 1832, 1.0, 3.0, 3.0, 2021.0, 55.0, 78.0, 70.0, 73.0, 70.0, 81.0, 71.0, 57.0, 47.0, 82.0, 79.0, 86.0, 78.0, 70.0, 65.0, 72.0, 62.0, 65.0, 62.0, 74.0, 65.0, 22.0, 74.0, 54.0, 66.0, 65.0, 52.0, 31.0, 17.0, 13.0, 8.0, 11.0, 7.0, 15.0
21, 76, 83, Entre_8500_e_11500, 1607, 1.0, 2.0, 2.0, 2023.0, 35.0, 28.0, 76.0, 65.0, 32.0, 56.0, 29.0, 28.0, 47.0, 69.0, 66.0, 66.0, 40.0, 70.0, 54.0, 48.0, 84.0, 65.0, 87.0, 27.0, 76.0, 74.0, 35.0, 34.0, 47.0, 69.0, 71.0, 79.0, 73.0, 11.0, 6.0, 14.0, 9.0, 6.0
23, 75, 82, Entre_8500_e_11500, 1913, 1.0, 4.0, 4.0, 2021.0, 62.0, 77.0, 49.0, 76.0, 70.0, 79.0, 68.0, 75.0, 69.0, 80.0, 70.0, 67.0, 76.0, 72.0, 75.0, 75.0, 70.0, 78.0, 55.0, 53.0, 60.0, 26.0, 68.0, 75.0, 56.0, 78.0, 63.0, 58.0, 44.0, 15.0, 12.0, 14.0, 16.0, 10.0
23, 75, 82, Entre_8500_e_11500, 1799, 1.0, 4.0, 4.0, 2022.0, 29.0, 77.0, 68.0, 65.0, 78.0, 79.0, 67.0, 41.0, 47.0, 76.0, 62.0, 65.0, 70.0, 74.0, 74.0, 77.0, 66.0, 75.0, 78.0, 73.0, 83.0, 37.0, 75.0, 65.0, 80.0, 81.0, 15.0, 30.0, 23.0, 9.0, 8.0, 14.0, 12.0, 7.0
23, 75, 83, Entre_8500_e_11500, 1939, 1.0, 3.0, 3.0, 2019.0, 65.0, 58.0, 64.0, 79.0, 60.0, 75.0, 64.0, 58.0, 76.0, 77.0, 69.0, 69.0, 67.0, 72.0, 67.0, 70.0, 58.0, 72.0, 65.0, 67.0, 68.0, 70.0, 69.0, 71.0, 64.0, 66.0, 64.0, 69.0, 63.0, 12.0, 6.0, 15.0, 8.0, 8.0
21, 75, 82, Entre_8500_e_11500, 1844, 1.0, 4.0, 4.0, 2019.0, 66.0, 67.0, 60.0, 72.0, 60.0, 83.0, 59.0, 61.0, 60.0, 80.0, 79.0, 86.0, 80.0, 72.0, 70.0, 72.0, 52.0, 72.0, 67.0, 72.0, 50.0, 39.0, 70.0, 72.0, 53.0, 72.0, 42.0, 53.0, 30.0, 5.0, 6.0, 14.0, 7.0, 13.0
28, 78, 78, Entre_8500_e_11500, 2001, 2.0, 4.0, 4.0, 2021.0, 74.0, 73.0, 67.0, 77.0, 73.0, 82.0, 77.0, 78.0, 68.0, 80.0, 74.0, 78.0, 65.0, 75.0, 54.0, 81.0, 71.0, 75.0, 83.0, 75.0, 59.0, 43.0, 77.0, 75.0, 76.0, 79.0, 41.0, 48.0, 44.0, 12.0, 11.0, 12.0, 10.0, 13.0
27, 77, 78, Entre_8500_e_11500, 1992, 2.0, 4.0, 4.0, 2020.0, 65.0, 80.0, 77.0, 70.0, 72.0, 75.0, 75.0, 58.0, 65.0, 74.0, 78.0, 75.0, 79.0, 78.0, 72.0, 74.0, 78.0, 84.0, 76.0, 68.0, 80.0, 49.0, 80.0, 72.0, 70.0, 76.0, 25.0, 45.0, 44.0, 8.0, 10.0, 15.0, 6.0, 15.0
25, 77, 78, Entre_8500_e_11500, 1860, 2.0, 3.0, 4.0, 2021.0, 70.0, 71.0, 60.0, 69.0, 54.0, 81.0, 75.0, 34.0, 63.0, 78.0, 92.0, 90.0, 91.0, 71.0, 84.0, 80.0, 67.0, 74.0, 59.0, 77.0, 27.0, 37.0, 75.0, 71.0, 58.0, 72.0, 48.0, 21.0, 30.0, 13.0, 8.0, 12.0, 7.0, 13.0
22, 76, 82, Entre_8500_e_11500, 2096, 1.0, 3.0, 3.0, 2022.0, 74.0, 52.0, 56.0, 78.0, 66.0, 78.0, 72.0, 64.0, 76.0, 78.0, 78.0, 75.0, 82.0, 74.0, 85.0, 82.0, 78.0, 88.0, 76.0, 70.0, 74.0, 62.0, 62.0, 74.0, 64.0, 74.0, 82.0, 72.0, 72.0, 14.0, 12.0, 7.0, 7.0, 12.0
23, 76, 81, Entre_8500_e_11500, 1727, 1.0, 3.0, 3.0, 2019.0, 58.0, 75.0, 77.0, 75.0, 62.0, 75.0, 54.0, 40.0, 56.0, 78.0, 52.0, 68.0, 56.0, 72.0, 62.0, 76.0, 69.0, 74.0, 92.0, 56.0, 60.0, 18.0, 78.0, 70.0, 65.0, 71.0, 57.0, 20.0, 15.0, 3.0, 3.0, 3.0, 5.0, 3.0
21, 75, 84, Entre_8500_e_11500, 1847, 1.0, 4.0, 4.0, 2022.0, 74.0, 72.0, 44.0, 68.0, 55.0, 79.0, 70.0, 57.0, 63.0, 80.0, 86.0, 83.0, 74.0, 68.0, 66.0, 80.0, 60.0, 78.0, 66.0, 78.0, 55.0, 32.0, 58.0, 68.0, 44.0, 73.0, 35.0, 52.0, 47.0, 15.0, 8.0, 10.0, 8.0, 14.0
28, 80, 80, Entre_8500_e_11500, 2137, 2.0, 3.0, 3.0, 2020.0, 74.0, 64.0, 60.0, 82.0, 59.0, 77.0, 72.0, 53.0, 76.0, 82.0, 75.0, 72.0, 87.0, 81.0, 86.0, 82.0, 67.0, 87.0, 65.0, 75.0, 84.0, 80.0, 72.0, 73.0, 65.0, 76.0, 77.0, 81.0, 79.0, 10.0, 9.0, 14.0, 11.0, 6.0
24, 77, 80, Entre_8500_e_11500, 1945, 2.0, 4.0, 4.0, 2023.0, 71.0, 72.0, 62.0, 72.0, 72.0, 83.0, 64.0, 46.0, 62.0, 79.0, 79.0, 83.0, 76.0, 74.0, 75.0, 84.0, 87.0, 78.0, 66.0, 79.0, 68.0, 42.0, 72.0, 75.0, 58.0, 75.0, 42.0, 37.0, 40.0, 13.0, 11.0, 9.0, 7.0, 7.0
22, 76, 84, Entre_8500_e_11500, 1966, 1.0, 2.0, 4.0, 2019.0, 77.0, 65.0, 66.0, 72.0, 55.0, 83.0, 77.0, 54.0, 66.0, 78.0, 79.0, 80.0, 83.0, 74.0, 68.0, 75.0, 68.0, 72.0, 67.0, 66.0, 42.0, 56.0, 74.0, 72.0, 67.0, 76.0, 57.0, 57.0, 52.0, 11.0, 15.0, 11.0, 15.0, 12.0
32, 82, 82, Maior_que_11500, 2104, 3.0, 4.0, 3.0, 2020.0, 74.0, 50.0, 54.0, 86.0, 78.0, 80.0, 71.0, 76.0, 82.0, 84.0, 65.0, 65.0, 76.0, 80.0, 78.0, 77.0, 62.0, 75.0, 65.0, 75.0, 83.0, 82.0, 50.0, 80.0, 72.0, 80.0, 80.0, 78.0, 74.0, 14.0, 12.0, 7.0, 12.0, 7.0
21, 77, 83, Maior_que_11500, 2002, 2.0, 4.0, 3.0, 2022.0, 67.0, 75.0, 59.0, 78.0, 76.0, 74.0, 66.0, 62.0, 74.0, 78.0, 66.0, 65.0, 70.0, 76.0, 58.0, 77.0, 70.0, 82.0, 75.0, 80.0, 68.0, 72.0, 76.0, 77.0, 55.0, 78.0, 64.0, 59.0, 52.0, 7.0, 12.0, 8.0, 10.0, 14.0
21, 76, 86, Maior_que_11500, 1849, 2.0, 4.0, 3.0, 2021.0, 59.0, 74.0, 69.0, 72.0, 64.0, 78.0, 65.0, 51.0, 70.0, 74.0, 76.0, 79.0, 69.0, 73.0, 73.0, 76.0, 73.0, 71.0, 83.0, 62.0, 63.0, 41.0, 78.0, 69.0, 66.0, 73.0, 26.0, 28.0, 22.0, 13.0, 6.0, 7.0, 7.0, 12.0
21, 77, 85, Maior_que_11500, 1831, 1.0, 3.0, 3.0, 2023.0, 65.0, 75.0, 73.0, 75.0, 71.0, 76.0, 57.0, 49.0, 67.0, 78.0, 68.0, 79.0, 50.0, 71.0, 45.0, 81.0, 66.0, 74.0, 95.0, 67.0, 80.0, 37.0, 74.0, 68.0, 60.0, 75.0, 35.0, 27.0, 15.0, 12.0, 13.0, 14.0, 8.0, 6.0
27, 79, 80, Maior_que_11500, 1951, 2.0, 4.0, 3.0, 2022.0, 64.0, 79.0, 82.0, 72.0, 74.0, 75.0, 72.0, 73.0, 60.0, 78.0, 72.0, 75.0, 73.0, 80.0, 66.0, 83.0, 80.0, 73.0, 74.0, 75.0, 75.0, 31.0, 81.0, 61.0, 82.0, 77.0, 33.0, 34.0, 15.0, 12.0, 14.0, 12.0, 12.0, 9.0
34, 84, 84, Maior_que_11500, 2044, 4.0, 2.0, 4.0, 2019.0, 80.0, 85.0, 51.0, 82.0, 86.0, 89.0, 90.0, 81.0, 71.0, 88.0, 83.0, 76.0, 87.0, 85.0, 90.0, 86.0, 60.0, 64.0, 67.0, 86.0, 47.0, 37.0, 84.0, 80.0, 78.0, 85.0, 30.0, 26.0, 26.0, 10.0, 8.0, 11.0, 5.0, 15.0
26, 79, 82, Maior_que_11500, 2049, 1.0, 3.0, 3.0, 2021.0, 76.0, 67.0, 64.0, 81.0, 73.0, 77.0, 73.0, 80.0, 79.0, 80.0, 62.0, 56.0, 66.0, 74.0, 67.0, 87.0, 56.0, 74.0, 65.0, 87.0, 70.0, 72.0, 72.0, 81.0, 74.0, 76.0, 71.0, 69.0, 46.0, 9.0, 9.0, 11.0, 11.0, 10.0
30, 82, 82, Maior_que_11500, 2061, 1.0, 4.0, 2.0, 2018.0, 61.0, 53.0, 70.0, 82.0, 57.0, 77.0, 54.0, 57.0, 78.0, 76.0, 80.0, 81.0, 72.0, 80.0, 80.0, 60.0, 43.0, 93.0, 68.0, 59.0, 75.0, 82.0, 58.0, 77.0, 77.0, 81.0, 83.0, 86.0, 80.0, 15.0, 14.0, 14.0, 10.0, 9.0
26, 80, 81, Maior_que_11500, 2096, 1.0, 4.0, 3.0, 2022.0, 63.0, 81.0, 72.0, 83.0, 72.0, 82.0, 67.0, 64.0, 78.0, 83.0, 85.0, 80.0, 79.0, 67.0, 72.0, 77.0, 71.0, 83.0, 71.0, 75.0, 76.0, 68.0, 80.0, 77.0, 53.0, 69.0, 50.0, 61.0, 59.0, 14.0, 10.0, 15.0, 15.0, 13.0
26, 80, 81, Maior_que_11500, 1943, 1.0, 3.0, 3.0, 2022.0, 67.0, 85.0, 69.0, 72.0, 74.0, 78.0, 60.0, 57.0, 68.0, 78.0, 77.0, 76.0, 74.0, 85.0, 67.0, 85.0, 77.0, 75.0, 67.0, 84.0, 61.0, 39.0, 83.0, 71.0, 74.0, 76.0, 34.0, 33.0, 25.0, 9.0, 11.0, 8.0, 9.0, 11.0
23, 79, 85, Maior_que_11500, 1972, 1.0, 4.0, 4.0, 2023.0, 75.0, 72.0, 64.0, 82.0, 74.0, 80.0, 73.0, 64.0, 75.0, 78.0, 87.0, 78.0, 84.0, 72.0, 82.0, 76.0, 81.0, 88.0, 62.0, 70.0, 49.0, 36.0, 71.0, 73.0, 64.0, 72.0, 40.0, 31.0, 44.0, 12.0, 7.0, 8.0, 7.0, 13.0
27, 81, 81, Maior_que_11500, 2141, 2.0, 4.0, 4.0, 2019.0, 78.0, 77.0, 73.0, 75.0, 72.0, 85.0, 79.0, 64.0, 72.0, 84.0, 89.0, 87.0, 83.0, 80.0, 76.0, 80.0, 87.0, 85.0, 63.0, 76.0, 69.0, 60.0, 83.0, 76.0, 75.0, 81.0, 49.0, 60.0, 56.0, 9.0, 11.0, 9.0, 5.0, 14.0
25, 81, 84, Maior_que_11500, 1821, 2.0, 2.0, 2.0, 2022.0, 46.0, 30.0, 78.0, 73.0, 32.0, 43.0, 72.0, 68.0, 69.0, 65.0, 65.0, 77.0, 65.0, 80.0, 59.0, 44.0, 81.0, 62.0, 78.0, 22.0, 78.0, 78.0, 30.0, 55.0, 52.0, 80.0, 83.0, 83.0, 87.0, 11.0, 16.0, 11.0, 15.0, 13.0
25, 80, 83, Maior_que_11500, 1886, 2.0, 4.0, 4.0, 2021.0, 77.0, 66.0, 46.0, 75.0, 64.0, 86.0, 76.0, 56.0, 64.0, 84.0, 91.0, 93.0, 88.0, 80.0, 89.0, 75.0, 58.0, 78.0, 40.0, 61.0, 41.0, 43.0, 78.0, 75.0, 59.0, 77.0, 23.0, 38.0, 31.0, 9.0, 11.0, 11.0, 12.0, 8.0
26, 82, 85, Maior_que_11500, 1060, 1.0, 3.0, 1.0, 2021.0, 11.0, 16.0, 14.0, 28.0, 19.0, 12.0, 10.0, 14.0, 17.0, 19.0, 35.0, 37.0, 39.0, 78.0, 27.0, 21.0, 36.0, 20.0, 68.0, 17.0, 22.0, 13.0, 14.0, 25.0, 18.0, 39.0, 12.0, 10.0, 14.0, 85.0, 78.0, 68.0, 78.0, 85.0
24, 80, 85, Maior_que_11500, 2125, 2.0, 4.0, 4.0, 2022.0, 78.0, 69.0, 39.0, 80.0, 58.0, 84.0, 73.0, 60.0, 75.0, 84.0, 84.0, 85.0, 81.0, 78.0, 88.0, 80.0, 69.0, 82.0, 72.0, 76.0, 77.0, 72.0, 79.0, 81.0, 69.0, 77.0, 67.0, 70.0, 66.0, 16.0, 9.0, 6.0, 9.0, 9.0
29, 83, 83, Maior_que_11500, 2100, 3.0, 5.0, 4.0, 2021.0, 77.0, 74.0, 53.0, 80.0, 81.0, 84.0, 83.0, 64.0, 71.0, 86.0, 84.0, 78.0, 87.0, 79.0, 85.0, 85.0, 69.0, 83.0, 62.0, 73.0, 69.0, 64.0, 82.0, 84.0, 72.0, 76.0, 41.0, 53.0, 55.0, 5.0, 11.0, 14.0, 5.0, 7.0
24, 82, 88, Maior_que_11500, 2174, 2.0, 3.0, 4.0, 2023.0, 85.0, 58.0, 64.0, 78.0, 62.0, 84.0, 83.0, 69.0, 75.0, 83.0, 91.0, 91.0, 78.0, 82.0, 74.0, 80.0, 73.0, 89.0, 66.0, 66.0, 73.0, 77.0, 78.0, 74.0, 46.0, 77.0, 79.0, 79.0, 79.0, 6.0, 9.0, 15.0, 14.0, 14.0
22, 82, 88, Maior_que_11500, 1953, 1.0, 3.0, 3.0, 2024.0, 78.0, 42.0, 83.0, 80.0, 38.0, 65.0, 53.0, 28.0, 63.0, 79.0, 80.0, 84.0, 70.0, 80.0, 67.0, 62.0, 83.0, 82.0, 76.0, 47.0, 86.0, 81.0, 57.0, 61.0, 34.0, 76.0, 76.0, 83.0, 86.0, 10.0, 7.0, 8.0, 14.0, 10.0
27, 83, 83, Maior_que_11500, 2076, 2.0, 4.0, 3.0, 2021.0, 72.0, 63.0, 34.0, 84.0, 68.0, 86.0, 78.0, 75.0, 79.0, 84.0, 84.0, 71.0, 91.0, 84.0, 80.0, 69.0, 67.0, 88.0, 47.0, 73.0, 64.0, 75.0, 73.0, 82.0, 64.0, 83.0, 65.0, 64.0, 59.0, 13.0, 11.0, 7.0, 6.0, 16.0
26, 82, 83, Maior_que_11500, 1945, 2.0, 4.0, 4.0, 2024.0, 54.0, 84.0, 84.0, 78.0, 80.0, 79.0, 68.0, 71.0, 50.0, 80.0, 62.0, 65.0, 65.0, 81.0, 43.0, 84.0, 72.0, 73.0, 90.0, 77.0, 65.0, 35.0, 87.0, 68.0, 80.0, 75.0, 40.0, 32.0, 30.0, 15.0, 14.0, 16.0, 15.0, 8.0
31, 84, 84, Maior_que_11500, 2045, 3.0, 3.0, 3.0, 2020.0, 82.0, 78.0, 65.0, 80.0, 84.0, 82.0, 73.0, 65.0, 51.0, 85.0, 88.0, 89.0, 85.0, 82.0, 80.0, 78.0, 73.0, 91.0, 55.0, 80.0, 54.0, 40.0, 88.0, 78.0, 62.0, 79.0, 64.0, 32.0, 32.0, 8.0, 5.0, 14.0, 11.0, 11.0
25, 82, 85, Maior_que_11500, 1941, 2.0, 3.0, 4.0, 2022.0, 76.0, 80.0, 49.0, 88.0, 76.0, 86.0, 86.0, 81.0, 87.0, 88.0, 77.0, 72.0, 79.0, 83.0, 74.0, 77.0, 54.0, 73.0, 67.0, 77.0, 29.0, 28.0, 81.0, 87.0, 56.0, 72.0, 44.0, 25.0, 18.0, 6.0, 8.0, 6.0, 12.0, 11.0
29, 84, 84, Maior_que_11500, 2052, 3.0, 4.0, 4.0, 2020.0, 76.0, 77.0, 31.0, 80.0, 59.0, 88.0, 82.0, 83.0, 77.0, 84.0, 91.0, 86.0, 89.0, 82.0, 79.0, 79.0, 41.0, 85.0, 60.0, 81.0, 44.0, 55.0, 80.0, 83.0, 70.0, 79.0, 43.0, 57.0, 51.0, 14.0, 12.0, 13.0, 7.0, 13.0
22, 82, 88, Maior_que_11500, 1905, 2.0, 4.0, 4.0, 2021.0, 77.0, 78.0, 42.0, 82.0, 66.0, 87.0, 72.0, 59.0, 69.0, 85.0, 78.0, 84.0, 82.0, 80.0, 78.0, 80.0, 63.0, 73.0, 69.0, 78.0, 42.0, 29.0, 78.0, 83.0, 54.0, 69.0, 38.0, 20.0, 24.0, 11.0, 16.0, 11.0, 8.0, 9.0
27, 85, 87, Maior_que_11500, 1642, 3.0, 2.0, 2.0, 2022.0, 27.0, 10.0, 80.0, 60.0, 16.0, 54.0, 30.0, 10.0, 61.0, 65.0, 80.0, 85.0, 68.0, 85.0, 59.0, 40.0, 86.0, 76.0, 82.0, 12.0, 86.0, 86.0, 25.0, 22.0, 26.0, 79.0, 86.0, 87.0, 89.0, 8.0, 6.0, 8.0, 15.0, 12.0
23, 85, 88, Maior_que_11500, 2185, 3.0, 4.0, 3.0, 2023.0, 90.0, 66.0, 74.0, 85.0, 61.0, 80.0, 81.0, 61.0, 80.0, 85.0, 78.0, 68.0, 84.0, 85.0, 83.0, 75.0, 79.0, 85.0, 65.0, 69.0, 74.0, 79.0, 80.0, 79.0, 44.0, 82.0, 75.0, 81.0, 79.0, 8.0, 15.0, 7.0, 15.0, 15.0
27, 85, 85, Maior_que_11500, 2031, 3.0, 4.0, 5.0, 2023.0, 81.0, 80.0, 48.0, 82.0, 72.0, 91.0, 84.0, 78.0, 76.0, 90.0, 88.0, 83.0, 93.0, 77.0, 88.0, 79.0, 61.0, 76.0, 54.0, 81.0, 48.0, 39.0, 80.0, 81.0, 73.0, 86.0, 45.0, 31.0, 18.0, 15.0, 9.0, 13.0, 11.0, 6.0
23, 85, 90, Maior_que_11500, 2196, 3.0, 4.0, 3.0, 2026.0, 69.0, 78.0, 83.0, 85.0, 76.0, 83.0, 72.0, 60.0, 83.0, 85.0, 74.0, 73.0, 76.0, 82.0, 69.0, 78.0, 79.0, 86.0, 77.0, 79.0, 69.0, 78.0, 82.0, 82.0, 55.0, 83.0, 77.0, 79.0, 76.0, 7.0, 13.0, 12.0, 10.0, 9.0
23, 86, 91, Maior_que_11500, 2039, 2.0, 3.0, 4.0, 2022.0, 85.0, 75.0, 51.0, 85.0, 69.0, 92.0, 83.0, 67.0, 79.0, 91.0, 84.0, 74.0, 90.0, 82.0, 88.0, 70.0, 50.0, 78.0, 48.0, 72.0, 58.0, 49.0, 83.0, 86.0, 68.0, 85.0, 49.0, 44.0, 35.0, 9.0, 10.0, 14.0, 12.0, 9.0
26, 88, 89, Maior_que_11500, 2146, 3.0, 3.0, 4.0, 2023.0, 78.0, 90.0, 59.0, 82.0, 73.0, 89.0, 83.0, 60.0, 72.0, 88.0, 94.0, 91.0, 91.0, 91.0, 88.0, 77.0, 68.0, 84.0, 70.0, 83.0, 63.0, 55.0, 90.0, 82.0, 61.0, 91.0, 38.0, 43.0, 41.0, 14.0, 14.0, 9.0, 11.0, 14.0
